0.15861664973933864,0.0931896611230476,0.36695777931246154,0.21461441508973922,0.25680955817921447,
0.05944791384321413,0.07417082446771572,0.8782028194677005,0.6776572959888334,0.6163918354101683,
0.7608335652786656,0.3493827601030246,0.3331908805979462,0.22686966130358333,0.2958066032165104,
0.46281108041967,0.6565112773324949,0.8315725372909301,0.7473704760710572,0.052293100045103014,
0.028408282676593566,0.725436801945538,0.4328250148100039,0.07046974858592292,0.1806914112953043,
0.37213087781796916,0.9635539530063604,0.6234719944844425,0.9880067235325346,0.5334883686688567,
0.6216448710352883,0.6006272070832519,0.07260866205276917,0.9237566877027246,0.36997495578711614,
0.4904341844896414,0.8155009646049481,0.8377883479704322,0.4197431501806159,0.7914069525368365,
0.6925565382259293,0.8478102588583157,0.5577499493594891,0.15001985591013578,0.3356708814186683,
0.7151633229247747,0.3702959267027617,0.9878694561628363,0.35669981773856674,0.12141350412847807,
0.09139075630997029,0.9163014586219266,0.765876499730979,0.6874923631064942,0.05003477283593394,
0.6791339518268757,0.7665990286087624,0.020033716808558477,0.5946551979649604,0.7127407501855878,
0.8149245742263248,0.20083007670250042,0.9323496465758303,0.6676414174347746,0.09480170103971797,
0.218341294103791,0.5364100024254705,0.39687788347851816,0.9790175183702454,0.329444369635725,
0.6476695673197872,0.9838396472081363,0.6210319016383719,0.23512274769188346,0.9235372677793766,
0.35583309498998505,0.554316183212549,0.2555497896952026,0.473152548082036,0.9095722995993373,
0.06350902787382495,0.3980299259508837,0.3579154595345617,0.36090299960544014,0.13564759922483216,
0.3255181867588324,0.13371572048656666,0.7234524533200806,0.9999273363512013,0.7539471062954806,
0.16450652108802688,0.9195321901296867,0.6208890523024917,0.7333473957403002,0.24643705440138441,
0.03150259349095963,0.02262730967283144,0.6007568449298051,0.5475800986260477,0.6129415289771878,
0.9905595558622754,0.13216966589590307,0.9903598840881429,0.7963417317495487,0.5224902535059944,
0.5662862052069865,0.9821062283024571,0.15769459768889815,0.3821503658369948,0.7245808933000459,
0.8337316948850055,0.42820118744369495,0.24608717647504352,0.4102141997494618,0.29734780746509737,
0.17948319251500688,0.22872510130954948,0.6325717170234761,0.40070798741594416,0.5510504266515249,
0.02061335194773295,0.9747220302673916,0.15968387740255652,0.9374135179874906,0.48132154227098,
0.597842124418896,0.8095529341146489,0.30711365914039124,0.2911398751038895,0.9596673104064689,
0.9116952852503932,0.4870738549631547,0.1846856746952783,0.3132805142893077,0.06436769721032243,
0.3130591189974984,0.36471320457431555,0.4480632371642841,0.9745437003748985,0.020665541325575743,
0.9258695999302571,0.9363885429687662,0.33237802610598444,0.631141766297334,0.5058342032037418,
0.3576444102965941,0.27067530700443987,0.37247785556211077,0.9252245715012025,0.5854330671693434,
0.18881189153785216,0.3685809555590338,0.2778477640832656,0.24430033230788328,0.3738806178130152,
0.9279886339538034,0.7893200089168108,0.8691063968652699,0.16139907992022395,0.7684542479430643,
0.7747744097462218,0.1331575806424099,0.3437412161359985,0.42487156177164076,0.19532036997232105,
0.7504759858035437,0.1565233040987586,0.9053883392456425,0.638114973024664,0.30309242227760114,
0.45149528130463845,0.38419136571996493,0.026350574677153515,0.29600510818809833,0.5990585974543843,
0.34932892884079114,0.003159635701695196,0.20045483998425184,0.2543525483171011,0.16006836211055075,
0.7273815121246777,0.11042540325765948,0.36792080835104946,0.41067030046276976,0.7693327538317893,
0.9077849581444263,0.7252903998704218,0.8460933719413196,0.9011667779168351,0.5082428884584481,
0.8593659991224538,0.8300259556910446,0.8391043956870566,0.8433037687140913,0.39536207724728756,
0.5267746138253923,0.41376209150485477,0.7226583303824393,0.7600664101287786,0.025921689428725747,
0.2200001627626258,0.6169587503406118,0.7155483430035643,0.6122971463601934,0.5291581908814995,
0.7026836561287203,0.3619956217152006,0.26369232157676226,0.13424037626128582,0.21880606515529555,
0.09518396193010004,0.24487708928050378,0.8425591084714954,0.29923512289530463,0.5011539992863034,
0.35886318362218417,0.5305398493132746,0.965510380736538,0.3239899830574321,0.014990889511366179,
0.031836305280617316,0.8909851445257825,0.4521657935578497,0.7782977457060335,0.6425995732205174,
0.8807435770806588,0.33474330093563764,0.4757615708920978,0.6966907534146002,0.7507532767513273,
0.36077897374944623,0.25239269895611116,0.4888216646410709,0.43526373625326764,0.513614739728275,
0.19378286698666636,0.8050534514789256,0.7032183120065023,0.04629927753827534,0.2616015582752155,
0.45777850712230406,0.8224554286890936,0.015206713669563499,0.3246626765627827,0.5162560978922074,
0.8747323357366752,0.25598938417407135,0.010568137622903317,0.3739676946688937,0.19511283537414614,
0.7893219830952304,0.9515668678148375,0.40050306972589766,0.586017957468006,0.7034649106423514,
0.7531511641471249,0.6883838076117141,0.5392465485147867,0.27649444783746224,0.6750449826717426,
0.3241758435071693,0.6885302912641338,0.47311808512201625,0.5816212565438937,0.6884383527922145,
0.11069589540138536,0.9793135940519395,0.19241881511074266,0.5205012216645345,0.8952646082678849,
0.6226005219528485,0.043311481847277844,0.8717590547905577,0.610327292795015,0.36657345431100363,
0.8550153328618681,0.61511456810828,0.9067910049841279,0.06539636214095534,0.19800282778658296,
0.8783998674650163,0.5236006628093697,0.8172777640861608,0.4415249089735169,0.626049319767733,
0.38329761349912783,0.06551703225433037,0.9793257378577889,0.6259927956733524,0.3002844399681045,
0.5615319881894575,0.6357665486906734,0.2076839999291762,0.06342300438853032,0.9263486845709067,
0.9734590536966895,0.5423729485977411,0.30010098434294474,0.825354161067252,0.9471407726424447,
0.6581780821528159,0.5806596437854521,0.7056838917062392,0.9784075491537022,0.04020789219222176,
0.6800833402346941,0.636435192164176,0.06205213236306906,0.45992772944694504,0.7781094204392601,
0.03896866603377025,0.9571393038002469,0.6281627147236565,0.6494246412124297,0.9978802002711995,
0.8645818924832057,0.37257288413757317,0.572372217617425,0.40279578852894904,0.24786421202537112,
0.3031319995850511,0.7676014511503021,0.3869621166714601,0.6146925501418552,0.34808697898082763,
0.6673493726954742,0.40067640396925,0.14473489780426407,0.11806987348305753,0.21155236442896674,
0.7859186665123544,0.02224541885971565,0.7874801414593678,0.6687426342089857,0.9031203977347839,
0.21225117483514067,0.06994948064070461,0.1876929239730708,0.7018240054704551,0.20511238863078052,
0.9086477653071456,0.4000303623550967,0.12405705665612854,0.9466493891813664,0.7023831479747259,
0.9145482473470447,0.882566501117361,0.7696631267258841,0.24489509023575562,0.4707020521040459,
0.9656276690929052,0.6475579256763346,0.06743437582169276,0.8517846058451363,0.6859635858757571,
0.501909121537645,0.5436693435317419,0.39753212769610313,0.21338047145438044,0.613199939556484,
0.9411530011287083,0.10142123503923162,0.3090450145115984,0.4075856178936771,0.5850308072044241,
0.8296749594023298,0.4139001551391641,0.022424944757257648,0.43736473473809556,0.15700330134543106,
0.3345359671417558,0.08945286851925738,0.6893936714496132,0.6783615521356277,0.5169023187535394,
0.11684997016010212,0.4142464569347394,0.42651798107576,0.3015710550315567,0.7000978171315487,
0.9340684180883893,0.2019797748341321,0.6138247443093721,0.5463920567863395,0.3182182121151932,
0.20483407734708403,0.25767046899588075,0.9585175558901791,0.3481364382841211,0.34731901978766166,
0.3549463665488708,0.9914730679963323,0.35968345811056446,0.021446974851415,0.49900970765785535,
0.968765724840338,0.6051886356474793,0.8977607063438642,0.877065434117537,0.42517798219274516,
0.16514878669377298,0.5393100805659934,0.9560139093119735,0.8289432184249359,0.9834590245064271,
0.22919585344089832,0.3237679179970909,0.6286482286821907,0.3002541269108102,0.4305337531952135,
0.931308142689292,0.26881432944908357,0.612884441151591,0.7244508895341307,0.290317569062162,
0.8229910350283873,0.30824493833923916,0.9047334282163181,0.147055015647659,0.8043296434193715,
0.2786220111333443,0.1470031255293639,0.7751987174254381,0.5309861751877626,0.15841753257343216,
0.8158075613413206,0.30871062180850306,0.14733689559759455,0.3005551253425577,0.5247668283220774,
0.4703432526879602,0.03187128792630589,0.24906881397294844,0.522927402740886,0.6422302214160355,
0.8587611856477891,0.2583197244135428,0.34473162602899965,0.4720728554075172,0.022487087753379487,
0.35948163012761347,0.9315190981827564,0.11175490740839522,0.48353544184125996,0.5813815473235942,
0.10923395154349658,0.7447879263524084,0.348063749629999,0.195476956020477,0.3900199431659397,
0.27481049651439726,0.655562909678076,0.2736961660793975,0.5546431735447079,0.919434157193657,
0.9159294842134893,0.4230643929148542,0.3681896810840183,0.9820497995078659,0.9109924302298422,
0.29248257412341894,0.08324354627500952,0.2587783456651357,0.15542297977679875,0.3347219153739841,
0.09275830642034677,0.3785696817965659,0.1980879626872606,0.35064202369067343,0.2090930684221889,
0.8715245553068798,0.6372904220905715,0.5428362803842846,0.5661914949764932,0.9138340163236507,
0.32197376461779925,0.16235285739724403,0.06864086670865155,0.5073016640275043,0.7158488801649717,
0.34483544177266934,0.6443550252791478,0.31723390270573704,0.8125360958211164,0.40137312614849874,
0.29688388905024055,0.5145540199991898,0.3071968808980674,0.6545439294034926,0.09885923121046336,
0.7463162620361045,0.9537630306509112,0.8915818057036021,0.8198445750410503,0.7933658989438658,
0.1667536848562855,0.6442927673135828,0.8398650809750534,0.5647122632335183,0.9628035501646516,
0.7992900836093029,0.3641505046936553,0.8252515334781195,0.2794084364110342,0.4923150169308016,
0.725132780887579,0.4567965637053023,0.5570269699786317,0.8468538939180422,0.7344972983103623,
0.11194150543300896,0.22556030557623308,0.8799581246538203,0.63109438733544,0.836108857458062,
0.39736424026825556,0.8171190596446577,0.15977626760380736,0.6051972792668859,0.6363311747504571,
0.1332445548193183,0.7117314967638596,0.7545688549857198,0.1462121812415813,0.8682300639145335,
0.258647561951285,0.9596843769147663,0.1012318163450796,0.15331161166281437,0.021039489587293292,
0.7695159421990988,0.12818197445918533,0.42833398112082466,0.4253406451772539,0.690936322369641,
0.14156289843528658,0.53026220697082,0.9248593457203886,0.475604843892395,0.8319731297905725,
0.6897105368895443,0.6864628989024739,0.5704398786910065,0.11283229340656686,0.48495720135904075,
0.9778584554783623,0.6585884123509052,0.7416541813249672,0.9718598505218813,0.3295978823804153,
0.8398732661517536,0.14946948284116712,0.5332810684237346,0.19144157019989194,0.2780190528598625,
0.2356313692796146,0.47307877655847386,0.8544742907285505,0.07652835360526955,0.515118839090923,
0.017411993988692975,0.8683731598801956,0.7358995267391398,0.5415866580809741,0.18005740658558733,
0.04748702971646357,0.7919482957170568,0.9717925693303724,0.8986274965932807,0.4298925084319113,
0.13831517265489224,0.9856660272869672,0.9550267596866303,0.23035166508522453,0.0958116900991095,
0.031164871568563957,0.4561769571154808,0.911102642498097,0.5070778472486456,0.024199765505275583,
0.06998896188863635,0.9836732249757074,0.007094510924511854,0.20128848329423976,0.7867524044457024,
0.05041459579831531,0.14841370779128937,0.7962355028101735,0.7075613974925624,0.8962109785187498,
0.24454127304011275,0.5920146730439046,0.2490885502245268,0.14882787396412644,0.6357254731786044,
0.1851657192634698,0.19796554404116318,0.14062019151657323,0.5784763925820962,0.49239838455868257,
0.2482235760223408,0.12482879320830687,0.11346072718224309,0.6277305022949483,0.01169239849638748,
0.9264521916957198,0.07598714595823663,0.7833691740375409,0.003951822436226604,0.44068765464166404,
0.8791174590663352,0.15867722349265756,0.7773752436329585,0.13119400523124491,0.8215095880824324,
0.29894973210916864,0.1979994737001226,0.8259360774044784,0.4504179957017035,0.42935818322991737,
0.844401192833506,0.6601287256590683,0.9448483474375661,0.49930296630621795,0.6444548119667203,
0.973805832406052,0.5746826320465734,0.6885473199846899,0.1597928359866183,0.33579806314073724,
0.038661964326090814,0.06888886196948685,0.37798403799956315,0.6364102986737192,0.8874343152914348,
0.9637576958798554,0.47889113410053985,0.3678480787353118,0.29744463773032537,0.30301264125813687,
0.8043639865646525,0.7944498021484125,0.17726542876662066,0.9313404455181065,0.17937069906936665,
0.7040394398839182,0.9600358757785047,0.39604502841159206,0.8078629791291864,0.827222234599621,
0.46399809796548563,0.21364692199174418,0.1981190606898806,0.8132036860494177,0.8876893101193404,
0.9945963421048869,0.9600011198049949,0.8587200709358027,0.3471691765404583,0.09153489850444252,
0.8605108114967177,0.7009262819231922,0.35973165511107574,0.6289253944064652,0.22422115048442737,
0.7055949516150907,0.33187120796498004,0.870500417924233,0.6216080601506554,0.20873813340600988,
0.41884343720623973,0.8858644626947804,0.8010012977661249,0.10277132841196335,0.08898055797150595,
0.38871630516697053,0.9888183298168746,0.897596634347615,0.34799242328402014,0.4365416344176636,
0.00794122016785448,0.13249030299181708,0.8568040656126482,0.405258629255725,0.14554138442204634,
0.06643746476658818,0.11105120194810669,0.282181813402555,0.33935230195932087,0.032564642459049886,
0.44117531119808606,0.856802554638455,0.045335962764904036,0.7065784544042817,0.8391300924110835,
0.8312675013370469,0.09988366288245487,0.8096268389380727,0.521031960713033,0.22106844392631586,
0.996137746906962,0.4427568291919235,0.6946566040152246,0.6713407995900273,0.2567150779380306,
0.33315078757092653,0.216505173212178,0.4752999124052757,0.0040599993034542425,0.7615808341097288,
0.6952327029671562,0.14872772264113165,0.40484791573578804,0.8360288084298862,0.12655262765243602,
0.3880548082421037,0.3963077704180623,0.07817737039207917,0.32930128069959586,0.11946605222195272,
0.9900255950607181,0.9974850561153122,0.29316611840552453,0.1325903493508248,0.492737372051827,
0.44181651389773713,0.045652819667308275,0.48471823321865093,0.18381472030675194,0.034106528447066076,
0.7991851790561517,0.46012383042496197,0.3455918318652963,0.9312944110381249,0.9488037329468771,
0.373950160459803,0.05537791114277202,0.4747731576040062,0.9567478550901874,0.9212500789475944,
0.8169441211818539,0.04085569475411743,0.2822774554038189,0.08915754370364648,0.9344699713499252,
0.545267934349562,0.29341004782570046,0.8737968874200385,0.5133789386065045,0.607436775373348,
0.5318197106425708,0.17342072230030048,0.11018841964573622,0.3383484816426743,0.7929644384325217,
0.2653995633682775,0.3474447893939977,0.08001102217860512,0.23057899424998118,0.2170694305786055,
0.26000951334394173,0.19506139335055017,0.09799043674496188,0.4290762043475569,0.7454070313418559,
0.18181743638847891,0.798283824207699,0.26473864620348186,0.25364145076721445,0.9730804190863942,
0.6311663201755333,0.3800844595246595,0.7708335898892871,0.26625374942444935,0.9964475233126131,
0.936596836288936,0.22622539897395944,0.12784980343798324,0.8423748360709518,0.3523415266193112,
0.6835444676829617,0.9172154056045438,0.831632479361507,0.6270277111608729,0.06541611467274067,
0.7823141660840506,0.03863352967581635,0.5626880936301659,0.7034562372005763,0.5946614301929808,
0.9888043126629537,0.39404703152284104,0.7068732295686105,0.21101588088705903,0.503880944385371,
0.4412781007866897,0.9988527683530508,0.3761889027162475,0.1268080232924873,0.40273531814854835,
0.8826942751109069,0.4143416161308109,0.8656501576184241,0.8163749799983306,0.16861353611847607,
0.09539655218729237,0.6179966445116216,0.03596807690949955,0.2173209723722076,0.7086987928257986,
0.9156606723319589,0.7918359566696489,0.7379306334687886,0.427819663534854,0.5640441692929504,
0.03572455962494869,0.8154499141820682,0.5084036158001624,0.3413600455521242,0.3055657044521469,
0.4370458867963505,0.7252165511092888,0.16997376065963687,0.2882564127721957,0.736478785265626,
0.7250618740834144,0.07544650491113569,0.6072203045021206,0.28253911714503,0.6489886768032104,
0.8084325582961106,0.11639749531474153,1.9642391465457543E-5,0.46022336808867337,0.22040373339910424,
0.14344306058559442,0.7306991605197932,0.9035150933413947,0.3562442336993109,0.1922958675090426,
0.01701021401431302,0.9170918381034001,0.7550791254743828,0.5889132929630142,0.42250825099514944,
0.6201829401009787,0.6352707478883284,0.43384968643279564,0.5909545998559269,0.7070710951321888,
0.4803367319943521,0.011489342019794235,0.28977186418419953,0.19289463476350222,0.03961439688655399,
0.4981277046216894,0.8838246651858749,0.9769289529301207,0.9108162194619787,0.40972706103758705,
0.04192458753572592,0.6158337191278174,0.6811913680261922,0.735056040502329,0.9911533686845355,
0.032360057151006316,0.0698289194890348,0.11105502162178915,0.30304351152404607,0.6242700694406446,
0.6357082275653742,0.714652177778589,0.020851057879694546,0.3837287708647692,0.3944225398404726,
0.7688878229388625,0.9186004160042238,0.18918590058257512,0.12107243600785533,0.6910877507003947,
0.8202763957221652,0.38977372645835706,0.20764530748703658,0.9469584973109849,0.20148413403865273,
0.16650386306216458,0.6902682445603104,0.616861050020443,0.74609276602729,0.9250547784913399,
0.46504131619628586,0.5291514852779963,0.13682386827870519,0.15169853549605072,0.7707290914689507,
0.5703606948091544,0.12144153077511088,0.7469241835874179,0.7324079459466556,0.4431173291363464,
0.8151453264951992,0.840572231548126,0.13223788892337907,0.7101016657036908,0.274963739504702,
0.4878026152731294,0.601846791418602,0.4359503270970124,0.6133904438907982,0.44697683378763453,
0.11538644592927927,0.1189149435956498,0.30620080697868624,0.44854192180136776,0.003139242518944374,
0.8902104684354469,0.8933322086108059,0.9782626255932854,0.7026250229570826,0.1513719716850157,
0.9719061095307179,0.6186553168273831,0.11747805733489947,0.9185708992261024,0.23691573806508237,
0.4192352747697077,0.7639337629571077,0.14772544567529855,0.33779845585620527,0.5991966949080416,
0.8505862418372747,0.22537194846195174,0.48805687660838526,0.12540260310501405,0.05914667417335262,
0.6276470614415718,0.09028863015041833,0.35406991815421185,0.07225415204622421,0.4733633888346458,
0.12042951434592342,0.9762919602596684,0.8289598571923686,0.3270442688387257,0.6527103284327029,
0.9655497287541447,0.07932654276096318,0.143915686304243,0.7007730093701381,0.0896197691602022,
0.05665506144132959,0.6912366982345501,0.5005867977196549,0.8197952305552666,0.9891704115116222,
0.1289819946905385,0.46725081633795185,0.1470942773548103,0.7325697196793421,0.6877737049379335,
0.32046434242378485,0.8981372442449649,0.020655145767799477,0.5430916270631897,0.29239169624391703,
0.6326329846468228,0.70334492567572,0.05217436120846686,0.9068439554864622,0.09992099340784422,
0.8696760530299884,0.49365672290975815,0.5501446028479258,0.5337757293090221,0.9379824365640447,
0.3298709461369672,0.9417423503803768,0.7726850758227458,0.6362526700797335,0.7978730440245436,
0.6565786578658148,0.30707495534886287,0.29274199370237886,0.3276373748419176,0.051413703644372255,
0.8754581400241065,0.010232983168753096,0.8844963126235257,0.30375939233791494,0.1582441654793072,
0.10691030429877824,0.837783773733532,0.7847631829202142,0.4509546014705572,0.6726348436641737,
0.3687751959916399,0.6563324651182021,0.9378460003089473,0.21147279136795327,0.7483982782119917,
0.4079836819128536,0.33245036385992477,0.11965591209579174,0.03882246292641656,0.030346281768257155,
0.20330110486831776,0.1827193425195146,0.9029176395311722,0.6599469341012983,0.26112005129688765,
0.3663832139568306,0.2417051704150468,0.823844329917924,0.24799900691923527,0.9228156345302351,
0.3223075160287323,0.8628803595664281,0.83961696272161,0.237233722160494,0.9075354132594851,
0.7187592131704147,0.14829235442858069,0.8993707799130213,0.653134013102141,0.032860570893703867,
0.9976768445236732,0.20015711655901136,0.6998429346709085,0.42363881963414096,0.12915568449929793,
0.6260329543914136,0.9548074141867394,0.8846553321013646,0.8955269237176248,0.9516319789652827,
0.0305105270511139,0.4767364655979912,0.7992899444801557,0.21614408676843588,0.1892797937752857,
0.8754446506829018,0.4408813348573707,0.2094868199529767,0.9275537817524931,0.8789960539293595,
0.05645413871271954,0.09148480071203602,0.026477223767078062,0.6819527147580169,0.8453042117023737,
0.42057684569790466,0.9940263331010055,0.5764633650053272,0.7138052396806964,0.17814106992554812,
0.8287482418343651,0.755521496981886,0.8957217630774006,0.34034813680800347,0.9463318350988218,
0.06165507854984964,0.14802759545906796,0.17152357505974147,0.9276096581725867,0.849657774459837,
0.8668643729707824,0.6913201101518486,0.4702238235416396,0.6134163238123826,0.5200332777019763,
0.7025712610877908,0.5560709446390596,0.6645843639655244,0.25042039449021725,0.35751792818244876,
0.3827749925399877,0.9447984682195102,0.369014356197622,0.4871701058514748,0.04981851361465206,
0.0033269715324174554,0.7266823275437937,0.8218855852052127,0.3385967774091976,0.2784880387925547,
0.6306285069762342,0.7908186059505171,0.1805410933401559,0.08386811881835887,0.054467087118165836,
0.8037113127350982,0.5685909293795544,0.11931818098892788,0.3800991858685303,0.7905709385293127,
0.7346775145124826,0.9018990312229526,0.8050914618034909,0.3030966070865382,0.38951368351865945,
0.24339398884445995,0.8510116031373746,0.6662893423858581,0.700868062738327,0.7887010023115969,
0.11618386594003327,0.5094996347220648,0.4726345703959678,0.6733627161936901,0.5305856938271476,
0.5032367738146748,0.6793906296740391,0.5586874399008904,0.8911139395214609,0.28138495180257583,
0.10977051013443517,0.6593602699005855,0.38220756532269706,0.33804114964054566,0.3768631825277965,
0.8911376836761336,0.11982092786638532,0.15401010720065,0.9649766209810478,0.9351654195597622,
0.49600017717812583,0.9300623595147253,0.2994933451685624,0.8406540902682925,0.24682231323678405,
0.08238093875998564,0.05017510374748935,0.7690924465978429,0.7182151891927043,0.09019354619495823,
0.008156811683598497,0.620873498012895,0.7621838315805322,0.3764064524373337,0.9130033734823956,
0.5791541664239254,0.06022657633197148,0.6491274410001932,0.5485854228819201,0.05596424694325597,
0.4412322646202972,0.5352846843280682,0.2751625836596132,0.1320259198989242,0.9379076857009887,
0.3971195586351336,0.9199465595302384,0.34444018661546816,0.908791969102668,0.9381508449936974,
0.6095479601130749,0.5953422517059238,0.5421728035543907,0.5772790311249316,0.6950947349728396,
0.029822750460010705,0.45372677929893357,0.5980187512116864,0.3944420825521271,0.9628573263767224,
0.8914644977682628,0.7644186093836823,0.1557769142620773,0.3226824920045045,0.26956817751615536,
0.43604717984202224,0.033052523437338555,0.6220003748736095,0.36696812413345614,0.21149497723547583,
0.5560725393084758,0.16859130322350036,0.5470113314570471,0.7831619626663783,0.676674765983792,
0.08335734914142634,0.7813344713227258,0.9956706605425051,0.3773499287381502,0.7065163452813793,
0.09405981123091878,0.06606547924604722,0.4397619824352397,0.14161017438650303,0.2816920744523347,
0.5460287284130495,0.688019786097383,0.012187351508506472,0.40960066681058604,0.8846644784132118,
0.7451829445534129,0.98746469454113,0.6377303136515408,0.3849716212978963,0.9713674180368366,
0.2709681466122028,0.38619085010085386,0.9379476544737241,0.7879487906490976,0.04009872302190309,
0.7156344177786756,0.16533532529976425,0.034744835699498156,0.7747639004016442,0.06783638674199466,
0.5053441844074413,0.35569070341022924,0.5196612867900201,0.1886540782931012,0.3352500114374509,
0.8634040354710298,0.38749529530437965,0.138545348869056,0.4405944509786167,0.494169051490266,
0.029354438568959917,0.7850862942328516,0.012778709366558005,0.5322524013486233,0.3736707310728067,
0.06743614570912515,0.8851642548999383,0.7560955797255137,0.6666288518874978,0.6244542054613104,
0.9023648437258732,0.5388120391770933,0.7345880365309384,0.08618217578680576,0.1582336441051686,
0.021549893848658797,0.43302429813200405,0.4426628853100194,0.3351202547653249,0.17066366463334193,
0.4466967596057364,0.4245740372450688,0.5302919240442973,0.12827144458757278,0.962186600255588,
0.7569135443071657,0.7649847474914286,0.7706568924608329,0.24665246824044118,0.4799809584499225,
0.8373695374719043,0.8001080707521274,0.8355919909646834,0.2711571086682599,0.3027885004134955,
0.013167690396238663,0.8575938875650136,0.8464920269878725,0.14293869801761516,0.6119028351893088,
0.005510239062637701,0.0728687817007454,0.12024846008290946,0.5546844653102878,0.8011748647146653,
0.3795192145007461,0.9045136075703707,0.9790998183285956,0.09473777724470589,0.42192458905195807,
0.8059302387732591,0.6720041336008438,0.18988171100010842,0.7216428276209137,0.35198158297185267,
0.4103504765380218,0.5926321875734308,0.1823611210713999,0.005206380723308368,0.7513191888748272,
0.14416732422463596,0.9654809130649056,0.03469654044897852,0.5114019080157232,0.21697915126893963,
0.19779998730680948,0.9262427005551079,0.7414771562099132,0.7289338701974614,0.3793639996570962,
0.7443657385977065,0.4785478511264214,0.9612231370867532,0.16131803994280014,0.5440435071351674,
0.934693691901777,0.553894390607725,0.37159607204210343,0.270761444414908,0.06992409318377812,
0.5965931360833139,0.7805445012219381,0.5845872004241519,0.6880005168221438,0.4323454217824023,
0.11908328551744662,0.6972883114318361,0.29292931575374537,0.6486547095912463,0.2887665657470927,
0.6210835835742471,0.9487095242498019,0.7428812969663244,0.5361117265270415,0.19343824620465677,
0.29605264469791004,0.11781950174236622,0.6028245307485444,0.8643838041249491,0.6971741087388036,
0.38858158334819504,0.5090550949477266,0.5111634702591854,0.20338926630809018,0.4633435206133544,
0.6785775856304268,0.4795745422279043,0.6701292729528505,0.49820312368293984,0.5727941417006206,
0.6421994568877469,0.8801252063878242,0.6203455106954626,0.8647218279700508,0.5107874119056234,
0.9778914919748627,0.26390748553375865,0.45462843234570227,0.343368770270269,0.8672726261814302,
0.06937643019052853,0.3057414808224941,0.7462550666148212,0.4786997653608571,0.5600554593475711,
0.1614622776419915,0.48689713614023655,0.9739369033696316,0.22807167620962998,0.6947746624371655,
0.10564501237210988,0.02347893330468398,0.2375995946517403,0.5360458562171393,0.442772823621683,
0.2653966061632649,0.6844169447167846,0.9271750334160181,0.3817025824598955,0.9343066946333265,
0.2386061846177685,0.4580524986108784,0.9501810474374559,0.435277755373938,0.04115901811674039,
0.4555503818474751,0.41823420363007513,0.3298654700545368,0.9254379341490067,0.11577394014710041,
0.18504398582719483,0.8001036240541838,0.39089304533209523,0.3970595832044518,0.05646232586699795,
0.16116033230967786,0.2691284609677522,0.024214400140305625,0.9806982202328046,0.40450117901333593,
0.6913572272891793,0.693749107299247,0.4317830338685773,0.07078437762154244,0.7914799170128416,
0.715364721196485,0.4087405571683138,0.9753455851650251,0.5604662118876207,0.8767103377203341,
0.4529578389668897,0.43901263343014807,0.4054151403934314,0.27643813391933514,0.17707355404416103,
0.7131239142654249,0.2606145360561207,0.23483882388975952,0.545770870812822,0.23000588425685986,
0.5481152154281431,0.16184857530806473,0.5521820744412479,0.15879933743711427,0.8917815009257443,
0.43897705154114475,0.9931825130606868,0.5014055330415821,0.25147424589603573,0.9547128951896909,
0.7626718891309985,0.6244570994998794,0.0629683483366763,0.9222215760855191,0.45401090354304363,
0.6906009468485962,0.04440192845594004,0.0036583185563414666,0.09110193890940566,0.9260134129422897,
0.5614992811719418,0.5671759780051074,0.4921725741396441,0.040950381934043545,0.8315057984158412,
0.1107164012929146,0.11114111907911295,0.4062686515117562,0.789717545911328,0.5009309988323618,
0.19851343476390237,0.7812366017945039,0.1426840104803272,0.6960844671859986,0.7770811792957689,
0.48658598870749126,0.9886077548205562,0.04855286236894507,0.23726120530745354,0.9216388717855357,
0.39815990825960235,0.11553608407437144,0.32273669547025197,0.23547679409884825,0.5178757183230078,
0.14586113225137476,0.8991308203411683,0.7795021682581459,0.08348999767671905,0.05626181290114163,
0.17676361058545476,0.6923741041168159,0.7120170916289214,0.7622774457941625,0.9931139029626058,
0.5981849803282528,0.9790760192629852,0.18692113932733712,0.3514273830756113,0.9348750704592135,
0.08190591990484963,0.1345262889526403,0.6589834377075009,0.8722670861194914,0.8387129207427162,
0.4876873208559064,0.011852172571631958,0.12773420194626173,0.881434631927454,0.861969010775281,
0.4325451934006844,0.24239833141713651,0.16170353665599513,0.9360660218730327,0.1827821687156539,
0.0418882210106869,0.3087363802399098,0.16435248805686187,0.14566691410532362,0.07306980002407626,
0.953071485847969,0.4742691491807607,0.7998864406942092,0.7817937918654897,0.861521329909065,
0.8527533926931176,0.49311653847323844,0.07658866452692936,0.6164035331575988,0.4339251404074488,
0.5626384504461196,0.7093597238445012,0.6160577566487218,0.8144998226255233,0.3482407860301462,
0.596537845992919,0.373852456747814,0.8439069316055284,0.2958015401392955,0.8027544524734358,
0.4493296085612467,0.06285092850188612,0.159515407951493,0.41400171915153305,0.8578319132791487,
0.2970588042690221,0.7765516039277741,0.9383703496125044,0.47390144441694704,0.6522163192931254,
0.00999810558659786,0.18983937156119235,0.7689344392263583,0.30160343493784714,0.2342682173302706,
0.8342260452079059,0.20502224626122212,0.009696050355278985,0.17171573466173407,0.9062861839283812,
0.7446037005604834,0.2930103848742618,0.9800255460002862,0.6430879618159713,0.2294992055334435,
0.483722895220726,0.2370165972541971,0.921165679663716,0.8330927027905646,0.7321072859232536,
0.872814150766855,0.43359225188786155,0.3958726899149315,0.16058774186056468,0.15891956612785307,
0.4979920308627941,0.21723851479393108,0.9652148780858408,0.5795249138584244,0.04764865935355744,
0.7954239892788793,0.24962961353646407,0.7824908658739606,0.9252452805550111,0.08258544939726675,
0.77208717726883,0.8357265831685637,0.07240719001923779,0.053546504067209955,0.5878715200623746,
0.6992799797762761,0.5881000185854751,0.7743874404018884,0.7774383981265746,0.16426798811264032,
0.9150691346685269,0.7010121905340544,0.06488324471364448,0.5068459464284923,0.605888967476176,
0.6380211939369923,0.15183705364151223,0.7587361184603525,0.21882353054738501,0.644664142247673,
0.01865254827540974,0.8054051648457307,0.8985825807099906,0.18734109970346413,0.277749370449087,
0.4888014251670665,0.1081902996493147,0.00706681681670529,0.9032459327207087,0.5136320838568462,
0.7955662513447115,0.49550747254142635,0.3065127172253129,0.23448179535916414,0.0020515890649150936,
0.8546449287935999,0.7790400362282552,0.33564390196984817,0.5499957789152634,0.9528189385207653,
0.7820205220409151,0.006355822888870488,0.982652067524718,0.5838423463577572,0.4263053161203807,
0.4612007205524181,0.37201304270858526,0.7860807371534875,0.7568997410787531,0.5587575046166032,
0.9588499343673337,0.9848323331062021,0.13292283066076116,0.831152149859959,0.8441025666222418,
0.9840397315754071,0.07696245147601055,0.4529827379671527,0.11189950682055239,0.2523103309932868,
0.4570157092372138,0.5501618331049002,0.8318705437116344,0.5234175928222073,0.7597123997198569,
0.7775395189497363,0.36204698536523605,0.462900409680406,0.5152763528371757,0.27874099985840006,
0.25352744522113013,0.0400734790386017,0.6426882497214194,0.9824728196852631,0.8442201960144187,
0.2887067497005761,0.5977706637685071,0.686622387318299,0.32135547673017373,0.33982719145789897,
0.7274241310287722,0.5347953070233756,0.6310941104431294,0.9665415603703434,0.16000069671052053,
0.29950578229549984,0.11844216267189323,0.39347440366217956,0.8948095218764254,0.3520553953826634,
0.19181283104264524,0.7923602559614902,0.4930066798705901,0.3212062020776594,0.6239613591081689,
0.7105249087074843,0.9176290004767935,0.2210736985390691,0.3246497896806244,0.6604355965388069,
0.6222900143980769,0.2632364811124308,0.550282759951838,0.2361953092608683,0.9460635341726775,
0.6588791276267227,0.5518870484065034,0.41680178833975423,0.23633822318267084,0.46385488678836895,
0.6051913529821954,0.16618731140056142,0.8919345327602373,0.9228761098581539,0.21519510070631898,
0.046499870122672204,0.6955331815174005,0.8286094492993504,0.04249792809737074,0.32378302487434285,
0.38747167249981285,0.12727389955664148,0.7597945309329196,0.9641555368215519,0.4222240105353423,
0.37441014296068476,0.6143220419956718,0.99378827400518,0.24438590338858823,0.6728092846442905,
0.9456804462279846,0.9274208535938984,0.22274564552531984,0.4091601494773477,0.2883284895754148,
0.35785537419330515,0.5890291155990317,0.44679415936750044,0.9741913887391056,0.3428108998409921,
0.3421645419920061,0.4289773330819363,0.3431986787947504,0.9257165048636462,0.0994211102473076,
0.5005189758307703,0.7682035455908011,0.9834668186388165,0.30253259862094783,0.06503747841774066,
0.7056181753478408,0.6068590965548862,0.01992583468332987,0.16104332905366436,0.8942317930493636,
0.3883760801909615,0.8254307823656664,0.662070205017694,0.6420615233262563,0.3171741618333903,
0.8793576094230401,0.7844051426073048,0.8647186680118942,0.46258190412835143,0.38958333365167586,
0.32053908690285693,0.16865573488181518,0.2651092186962709,0.0882987779233585,0.6072794785772142,
0.8087927064018743,0.04791246300258756,0.2243242380802526,0.4845369582064193,0.7924035923126389,
0.3118567584985754,0.8414101545209006,0.40411825264435985,0.7497770851394372,0.48376132751001666,
0.7896968649785358,0.40742797059978086,0.4470481481380659,0.050109601595061615,5.152770518156435E-4,
0.906802302714315,0.9777301339285616,0.4274506475112475,0.0439681984084731,0.07726743558075866,
0.7368595293312928,0.4959144280076696,0.8842398618255811,0.19383681621490978,0.2552988099915392,
0.45370785138039005,0.04933886645499641,0.4340305331127411,0.8516252599120325,0.538154714550449,
0.13998775804275265,0.5061214080300945,0.8451663816179739,0.20278752911209263,0.7166302230425866,
0.9606817764916082,0.7661257370592807,0.5401942986678249,0.1240345087568594,0.19632632357696111,
0.597375599923181,0.09676951268865308,0.7397297551558385,0.9801155922229183,0.5873754714494512,
0.7382127780662168,0.4655197484152195,0.7689056939152014,0.5848086717384678,0.8935646030684402,
0.02057594305331545,0.24000010595185595,0.16291189834332698,0.330764182461736,0.7401200730700893,
0.21777929504420435,0.02510515656597123,0.5981587561322235,0.13546409221946243,0.6175547987022494,
0.3134128246125012,0.4040899551606171,0.42918297999556787,0.11871407355319663,0.4772990632676325,
0.5006276910387126,0.6434540187747096,0.026293550772442553,0.30292355081895594,0.08771752433291835,
0.5901036990661876,0.18343657040466455,0.5514565897959486,0.360452472555581,0.28766123374840413,
0.8567643410413592,0.40997532213431964,0.5848759561815657,0.9137259075133822,0.23250748266471888,
0.6195954463599544,0.006667725343470821,0.39021248558295996,0.5333165900413241,0.7128760205525788,
0.9722595600853375,0.09454759162221893,0.793989934544897,0.26616721278465616,0.8733736501574444,
0.9916472094163171,0.01892782433290896,0.4524544318078225,0.9136709304672873,0.6895133673595533,
0.7849420642697116,0.4663839908323343,0.24014292624867173,0.5355461224907098,0.35012049407617574,
0.5855395731454986,0.6820747797549402,0.8911744564407652,0.982765982422181,0.7306704669678112,
0.19685404991043165,0.14916782133083872,0.5340004201679113,0.3924558863675387,0.134593384082087,
0.8909975627710114,0.24344359652293956,0.7035226984901662,0.6024820667913439,0.8208753576469277,
0.3894481424234786,0.25181593876202435,0.5349755548920547,0.7586040171315056,0.6736911563294875,
0.9550550886902791,0.557378210667008,0.025133104713374155,0.1644942502921074,0.9458917120092319,
0.3680695632115081,0.012720218979925035,0.2140632902826628,0.9535162753608194,0.15856929453425817,
0.5958561966522801,0.011910094244121594,0.10984580129976351,0.5408321309203369,0.3096208698953248,
0.34003814171773206,0.4570557782976731,0.5576087168964957,0.8988928747243142,0.6550450710776321,
0.6881035675036989,0.6144039828419063,0.924846034987237,0.8381146509386654,0.8130222418781321,
0.5905097428397945,0.604421538768452,0.8259417546233249,0.5111478701002804,0.9617837834065859,
0.9539735044475985,0.8639533757061577,0.9030747383752283,0.49929266199792155,0.6100436351051701,
0.3077601172489359,0.35601720764022693,0.9956312869889574,0.4082274394111165,0.7395917993804096,
0.72238825866618,0.5146768927878987,0.9153535755476121,0.6635420018833338,0.1037889307030937,
0.8607312500001378,0.6307047370498138,0.19676594395232738,0.831234729334463,0.31944941894741075,
0.4987667964835605,0.9833473060286396,0.8573283466711933,0.2356492095070989,0.7090004492446522,
0.02336882742222146,0.16722073497753975,0.6620407395143962,0.4973876816639551,0.23179289591927288,
0.13258537383191193,0.1381103858877747,0.8100131458675915,0.32007767961721034,0.9564632921703369,
0.6398395618179329,0.24069795847189135,0.02802561543880633,0.48671966098748676,0.8786330005583564,
0.6127119220954304,0.8241805974674412,0.7119847272366343,0.4217775452806233,0.9388473732642268,
0.9401607432296432,0.19633571832536845,0.5569471694240162,0.26464597804169143,0.007634442073623737,
0.5576082352464579,0.4297152436452072,0.07632757593469419,0.6262167783186635,0.8491090725857813,
0.7457308493539746,0.5379780305436423,0.9063846362342498,0.36563500102828284,0.24816068008547676,
0.8118105350029092,0.40357836217926846,0.9620847166081243,0.25619378226531564,0.11082316339354625,
0.887978746721379,0.4465843776577526,0.7818515612531876,0.934932838061269,0.07901807599193644,
0.989929350580565,0.13004083216007833,0.14967384686001406,0.8145044280169768,0.7792783533890096,
0.4307326913809143,0.18080695301496597,0.12130861554991801,0.33641831999601834,0.25234609928428375,
0.6186927551402932,0.3078836341504283,0.01955145231305566,0.30185940622802776,0.9530408422000182,
0.5084565966622426,0.23243881469408834,0.229868841674977,0.9916544329643288,0.07455378710792271,
0.7758673220609771,0.7277587444519346,0.7560471016720878,0.8315891433233776,0.5937902414427467,
0.429342446702911,0.2923173282327256,0.4965676370909765,0.8901234295079378,0.6107793177527885,
0.8874229506957635,0.48752457855693687,0.22206343129687267,0.3202679820658537,0.639006936435642,
0.9461426148535017,0.711924931531258,0.3629611726907187,0.1911821468695315,0.04205845215916504,
0.9618795122310414,0.5167433080698219,0.7191919388131911,0.5306912847348152,0.6046089555139682,
0.46095691099759173,0.9226203977852695,0.09599608368856716,0.6777700859319444,0.16285907948754963,
0.8698340725538017,0.22536391468483352,0.17130082603373353,0.8855353985352519,0.025595128590651606,
0.23596311569772632,0.16397953179724856,0.5561927901948466,0.6892932052091824,0.6001345707331732,
0.9392830477454427,0.9651991881612272,0.3730012285073626,0.902024905376393,0.35047117388382365,
0.15393249434795908,0.3565688359100774,0.5984618937594316,0.49095866285374656,0.39344702390675024,
0.7712236133217674,0.254146420965243,0.41841809659924456,0.35616082831136786,0.0836594285062342,
0.07455580955417662,0.27969011355880224,0.43921246977168993,0.779348383363128,0.36952367227506266,
0.6884602778242703,0.7108311980671319,0.3768204192351604,0.046281516292435265,0.6187946839791261,
0.6200102168057634,0.643913287326142,0.3528179765923095,0.39500889231543124,0.4349669872832126,
0.03250249030760488,0.87073176944121,0.5819781809260347,0.3573211639346857,0.8999791149907022,
0.1913243053726439,0.7098793572178818,0.3966150919783419,0.043751406499757395,0.7994991434989395,
0.8034875778562881,0.38374734191288706,0.4393031240764258,0.4371049012446715,0.6285341588021622,
0.9520853447660257,0.8428503430384279,0.6206789553123083,0.4162643633337999,0.9214682601491967,
0.09639565489827195,0.048119626792329395,0.5822168906939962,0.28300650131589544,0.5559862775406822,
0.3446345954235449,0.6163795492950296,0.9015297681388618,0.053241507447374326,0.9703839738678341,
0.889258550161348,0.1277306872911259,0.19572136684361519,0.14055625766741764,0.5920315961611811,
0.7434966014663703,0.6134669737930892,0.2931863066623339,0.4088375301784477,0.05161701565303467,
0.9670510230467687,0.9808442993810066,0.8053887241818838,0.4650000393885717,0.14673386946238387,
0.059395244934441926,0.010474391083910684,0.6507259671177785,0.11282943823952096,0.7003487067332023,
0.8655565923819999,0.14071177690733894,0.2541420750907565,0.06288893198714529,0.722542842102078,
0.3334555789323863,0.9743441604772487,0.42749569637132945,0.4809527325398453,0.9802752818790742,
0.45542135830610775,0.2151367585171413,0.6730780090941259,0.5746509229963377,0.19282071634774445,
0.5943326671215272,0.22936908464691919,0.5447260306429431,0.9486942628112363,0.31296550299393255,
0.18616333685168152,0.7867177620337322,0.2276388752411127,0.982523076832669,0.134003551890851,
0.8709317064506279,0.24359085697811866,0.2895406012537626,0.647177433267494,0.2022720809090961,
0.6170413345977885,0.5123220781208415,0.28374233139359206,0.5235835828161279,0.7184968532481663,
0.2805940365791476,1.8183861744791585E-4,0.41285631473664797,0.6571165330066122,0.731564465752424,
0.9859736481739195,0.8442706156526535,0.4027162706312296,0.08793016644611384,0.9907313327622711,
0.4582538889196808,0.4248365417909564,0.2116960897977539,0.1902148050284701,0.9171670416320493,
0.5343299802341871,0.8722404631198339,0.5173878603607752,0.6109329896274308,0.3209313470740681,
0.3078798775114876,0.17083325775675817,0.02086537171224112,0.6945310751438932,0.157258715248772,
0.7052191430105942,0.25015114259318916,0.5583809572493608,0.9902079086442833,0.7071431888401424,
0.5858852121896925,0.5692187994760914,0.47728776449557786,0.564563587399482,0.4702515708950886,
0.2723062529660475,0.7030506945924981,0.2491590266076723,0.9273899437833975,0.6386319406621659,
0.2501290933868404,0.3483425062290725,0.31768272333880687,0.17704020082036487,0.4595748453202041,
0.8072866155889785,0.2726420412846836,0.34580287589295433,0.7074464203763293,0.9712008363110667,
0.8012722346762636,0.9461602510052309,0.6284604905270529,0.5542339246713931,0.8527283713753561,
0.5446139143989728,0.9645947896671874,0.10375792939129602,0.07028647831155266,0.7412636816696191,
0.11984969115035726,0.37742211052017294,0.07808686954664645,0.27823676140782727,0.5619460063138982,
0.8052492797266603,0.404807054684573,0.5652667027899088,0.9275569320034385,0.8701782938877902,
0.06736570275349796,0.18873655919364796,0.059742209623296794,0.8078406969151648,0.9129553983353436,
0.36600871722604744,0.23457328181589487,0.4999913654600616,0.04914601326284762,0.10862187495170339,
0.5185081597039645,0.8158961083790216,0.07949680958656025,0.06594315526181227,0.5388950209051969,
0.9421121267110186,0.40606008793791526,0.6351215023171647,0.9470542164477925,0.43348007531794164,
0.5603550863968004,0.9436958258165894,0.5067083748993293,0.8167786875335169,0.380835370414325,
0.7379697368338192,0.050100637947118276,0.5833766908203254,0.8675690995748377,0.04327222297970146,
0.5099614751148509,0.31834882099825856,0.7137962423664569,0.701481178456219,0.8575548572562528,
0.5309056384756741,0.8392224347534057,0.5366952004412792,0.055354669920031574,0.4746202193599698,
0.7313544756075928,0.9516962520044872,0.06747280408505996,0.8758168045044437,0.03887757097274491,
0.21585377446787124,0.5617805982600786,0.024619926980309792,0.6550198714403213,0.5693788935360364,
0.18473547584798888,0.1255450338619527,0.47904551810659557,0.5393447585694346,0.19324521672934092,
0.15314443817863987,0.1504618176374103,0.5396473923877492,0.7874722344381526,0.7131056857250845,
0.3132225245420023,0.9100884151889924,0.7043010498064681,0.5703313109971345,0.386153763757355,
0.039019993315065005,0.5032618617865008,0.5729128395887165,0.39102479969733295,0.10949901544831397,
0.5050239216926404,0.674543926452392,0.12113118871261319,0.3106560622170105,0.5271426345088432,
0.6378007701277152,0.820952721228849,0.0639921553825814,0.4025642531043322,0.7868504305245448,
0.59139472601861,0.9285744720276807,0.7634628902850259,0.8705307283159426,0.9353155981700982,
0.3696094738282357,0.7263045018356875,0.6953782276857045,0.21448951983042608,0.5016302432312056,
0.9236029811945666,0.6930633861877928,0.3018484226015645,0.25054238942896667,0.7936536888809431,
0.99782505576816,0.3817920972156379,0.11803065599645723,0.1616002431152478,0.9268789454808019,
0.6765516885454269,0.8773361650257152,0.9235104473709437,0.9804081972386821,0.8580359266277733,
0.08117236757742874,0.07970791366187191,0.6076258114372326,0.04228567342995715,0.22055508988120542,
0.45442572237869894,0.02153295353689677,0.5576072237003333,0.7375802825889646,0.1859194564083262,
0.2873789155817643,0.12765029807131523,0.8656906020949353,0.4744964768916433,0.7584614383551823,
0.7171417943462333,0.44773000037641675,0.13548941013467708,0.6877895498780856,0.05068193816552602,
0.46509320871436954,0.2200215245549657,0.5052632262999869,0.7339544837331924,5.346541441308972E-4,
0.33848216868837544,0.8174071478810092,0.9818982957878178,0.7527096310174919,0.34995098604470043,
0.6603290096695665,0.18983243090186097,0.022277630785209612,0.7653796686402629,0.9164549572432933,
0.9712228156508166,0.29740638264974806,0.5531602736081119,0.0917284198084315,0.829723272914119,
0.1807722617489409,0.03277966599594151,0.8423404489757197,0.3333195534530957,0.42066094732021575,
0.1955800633771595,0.7386934116426602,0.5148496994640096,0.23552990683311237,0.10121527366939376,
0.759181908630716,0.23587013753177322,0.9544019947080317,0.9642135995768305,0.9175083008011438,
0.4197814496846801,0.23471749888585747,0.1671276570462511,0.24463231557839127,0.38532369389775056,
0.7647796001182356,0.7150723655510344,0.07008784447633898,0.9929960999297289,0.4096859638536736,
0.5810225518930181,0.17728191829236828,0.9546513088120575,0.21764718220954427,0.982061413573781,
0.9435246118917856,0.45045992052684336,0.5678506363143232,0.8738422858728137,0.01792060436370413,
0.14763601074061095,0.011535774155925993,0.8538457087433029,0.43888667045151697,0.8217599342152933,
0.03470504767835436,0.22358428829890087,0.3479414061050551,0.04422977879062284,0.053902454323197624,
0.1757286969704569,0.617547228319391,0.818318521320389,0.44574914014272615,0.9441974490116019,
0.7781664416290531,0.6215086265211922,0.3064338870986436,0.28357438530383916,0.6033271030412779,
0.04322186083866031,0.9391134400424691,0.8287875866813517,0.591376267184603,0.094756962757512,
0.775186270963654,0.7268038838326301,0.36873148559477864,0.3121931725072563,0.5496601617274776,
0.4291632458624558,0.7318243802193192,0.9732129265017362,0.07134296482234803,0.6874982114996624,
0.6435622643601812,0.10524259292370441,0.8553426191481734,0.6037530011439186,0.005017588181493671,
0.47500517486362226,0.218371067324438,0.052638128801214545,0.43418684940610686,0.4185241665017915,
0.17660426645442573,0.9159257931957117,0.6010438707711044,0.1958132606882479,0.6313581382389145,
0.34651250913337994,0.8917453352782599,0.5359319407918972,0.8795984989223051,0.7147450205714343,
0.30472880083054155,0.17578201174869235,0.444310403672031,0.9803262725318347,0.5175766074086053,
0.489965848117218,0.5840104684578329,0.9801883069465046,0.005901846110758502,0.7592218917187888,
0.6111935224274613,0.5260395053235626,0.9441450887723561,0.2313990277780853,0.3262622759603022,
0.2648636154987707,0.3730538629726847,0.8916259261571915,0.45649742666546256,0.9714685733705243,
0.7797491565931903,0.7772774719414932,0.9788825489251716,0.314253279933393,0.8036667242799964,
0.7485351066626393,0.6011062322025288,0.16368084497324742,0.25529262025027477,0.8567837463255868,
0.4768221167463953,0.19751718265242946,0.014496861929659044,0.8407829383880454,0.4392545900473366,
0.8977140322800012,0.661400267835772,0.8244953335200981,0.6514964121185821,0.03088606097510993,
0.8850934502095014,0.9906507385994906,0.5923517650871124,0.3576515064992123,0.8141592226936968,
0.8605696108228027,0.7233364376587154,0.6256767009004535,0.4178327943623974,0.8234648059531662,
0.015454567651063567,0.867084841629942,0.03776666290338304,0.7273860774882116,0.7536290379065356,
0.6429596342397638,0.9277500752294097,0.6691667478013779,0.6821705356237089,0.155994830249378,
0.40236580150061874,0.602177597399407,0.6064282189657715,0.08691116566588442,0.8254496194706997,
0.01838822676168994,0.023772455581850704,0.6010821143134464,0.20535092626886886,0.7551814136202709,
0.2213183080993837,0.21888060627706862,0.6063752709196512,0.9275612722992868,0.5483057025844096,
0.146578890576337,0.9344231510244873,0.09284157417914662,0.24781062848578184,0.22420414534157374,
0.9097215333801125,0.017595515414180474,0.3154692561208654,0.8625727665298237,0.20067761017310815,
0.8355939055207873,0.342154414393954,0.21379651249231624,0.7602673509948499,0.9606536784478572,
