0.5080231800016766,0.9861840748607792,0.5780615031720443,0.9907556330914499,0.08204339067534883,
0.43157066845062797,0.9108558842466572,0.07122089453224467,0.5715057366284096,0.013634967662613406,
0.802507862915294,0.9856138348143925,0.3716330685376804,0.4497910829229692,0.214941363349621,
0.5874707652029497,0.8927118705712358,0.6545813116320478,0.9939815624951676,0.7237542676844898,
0.6569616388625205,0.08438972103567988,0.21827721220238427,0.30023600172134834,0.2310606089219278,
0.105838187747195,0.6623367423539217,0.46017689976830267,0.09640885773135976,0.43452641255294844,
0.7262477358987905,0.47423563511341327,0.9429992760608444,0.4886289240696583,0.45906339062693835,
0.253013250206497,0.28780581614931133,0.5809634256234261,0.10850382856108365,0.48836727594681384,
0.7648873355482497,0.23349662243445013,0.9665337922448465,0.3056066204330581,0.9119448905848055,
0.5398552202658781,0.14854274887413155,0.9659038632365058,0.7868588434321722,0.4242610674265156,
0.3432672180362405,0.5967390671091304,0.2877715872320288,0.8494115816957652,0.5012592004626271,
0.14791514749699974,0.6215704994743372,0.5111773228829288,0.89161888386424,0.7716617544927148,
0.9681650671946069,0.3245908354752426,0.9498736521496117,0.6075709126036333,0.021740960317651492,
0.053452309983963664,0.8642994072705305,0.5165847465454546,0.7552130110260795,0.764978717706102,
0.9036445968191813,0.6529814100308566,0.45038802111716036,0.40127539650062516,0.07613115673857951,
0.889282541221613,0.7638875874739205,0.6510098481173056,0.8277705572618489,0.016231943074630162,
0.35766984374801913,0.4775196265379694,0.13744763909328095,0.32847148919686264,0.41302847543529486,
0.11368759533347239,0.5468883514609103,0.6762673502984281,0.16823624951653215,0.06926928506567143,
0.375542238192336,0.3146155261418583,0.4725391600789266,0.7129587233824236,0.6135738652825413,
0.9132829458303353,0.23299676857786233,0.28933074695013483,0.7605723982725582,0.904816368248795,
0.5457030407371308,0.8098991377193676,0.18325136074023285,0.9422780755326635,0.24921124791962612,
0.1178820738116041,0.4023258556790553,0.614444354246762,0.6155252958509055,0.5678668292531884,
0.08691791797358317,0.7234283325815133,0.9028094940481401,0.18441850958624884,0.4342546770643484,
0.3681663741867389,0.5340068712087809,0.8677784166088072,0.04308886774869769,0.7969331353700926,
0.7368463259312421,0.20014912204984514,0.3511837748406058,0.4930269713744967,0.5832569465442551,
0.6726654819686241,0.20037083497195918,0.23999448030521786,0.4999978661339364,0.7010017486336017,
0.11709993364353466,0.9762387969619272,0.48734995615987253,0.6266669442648213,0.4520684213877697,
0.09358332654165058,0.47900588528504584,0.011391933373012586,0.6094276833149821,0.4603390325662896,
0.5038334068840614,0.9236135682079851,0.21423073817009763,0.8566498499067886,0.5689758266454432,
0.5889122310093223,0.21619823842730046,0.6983675953494463,0.4737930682176885,0.7303613074092442,
0.608544285965007,0.8954338218946876,0.08543540787242798,0.16009831759312287,0.6525176833943396,
0.4417235695632201,0.9593813085898715,0.7000290957936437,0.24147808762019696,0.8655311796185812,
0.5720595236083725,0.30742787382773806,0.31274080945663396,0.98335628248998,0.8477151302282621,
0.36029794202414445,0.021087787225569032,0.4943734970862893,0.10796786170046424,0.41770873265597797,
0.724756775135067,0.828946880188715,0.050050145949920744,0.4119271721019657,0.7028843599305257,
0.32177592449878345,0.86850175389179,0.15201233928430435,0.9227926909667757,0.21873699233905797,
0.1751365809914167,0.22264422037724396,0.10617422811840638,0.24621053690429828,0.9433860851947231,
0.8473089480927674,0.805141754602995,0.4726606768696484,0.30566374434995036,0.051564238818821106,
0.1922768232845361,0.9744609196785772,0.666182700830473,0.5099606865811378,0.7932217018064779,
0.3814356897709086,0.2566991049081977,0.7892957087102954,0.44602577080010275,0.7223142839631314,
0.9589417235416251,0.311228843744371,0.3583702664834162,0.11627054645010781,0.945028185846673,
0.24888842147869872,0.25195990827169146,0.7639475281279653,0.4459567358737909,0.7449514608737642,
0.23278360155201228,0.37984368079910724,0.7483017031889544,0.2927798265584165,0.2066107989664323,
0.6776633223238125,0.34053021788145543,0.8575476641333272,0.3710040930123062,0.771210564835634,
0.9828959459167299,0.3308963439647128,0.5582923773178826,0.3856326545420753,0.35865564933955807,
0.21050489886411572,0.9783636307781184,0.5872955048704078,0.8793928905552355,0.9750655724242535,
0.21579945503782583,0.3352998332911251,0.1635221379246713,0.48550527399805077,0.17278880588861345,
0.5336241484243235,0.6845861743259121,0.8848959087806003,0.01742110482871917,0.42010639275774064,
0.09474816871182834,0.8923474224031298,0.09637413491324964,0.06695287395562977,0.768919144095369,
0.09027962128077993,0.20167530004468293,0.48719017123381836,0.18625067172699106,0.7898198545735564,
0.5431295501996211,0.3424514030951109,0.8682613808889676,0.3256756465917401,0.27117089435099007,
0.5297155988952031,0.7266554441076651,0.17968242755353214,0.41930857715292136,0.9880949937137273,
0.83892968623011,0.1613286374405365,0.6910034165874956,0.9114917264830935,0.8661554737889401,
0.9839117500460427,0.602723176426217,0.17892229275040028,0.5548602355473514,0.9665800464393232,
0.1130906531272573,0.2215339788208035,0.023723134212237817,0.2653672275517708,0.01745172436432252,
0.7338150804645274,0.825837490029652,0.9904278847476989,0.06785463449681672,0.6062260678587905,
0.09858272991882144,0.8020336057423694,0.990346444856591,0.20745645442749017,0.46568678823872145,
0.09449127640960997,0.31465579738371563,0.6767382354452439,0.7398495040863775,0.6749964253405846,
0.2057460730374191,0.2001231857288429,0.8893364249256108,0.9235359627296214,0.2923861101610734,
0.33935816365759697,0.1782414165073719,0.7803067459003633,0.8248007568937742,0.3579690862840852,
0.8676556689739267,0.5487171680984028,0.3616268809007338,0.14639056643006487,0.3737698701227181,
0.4248912462856279,0.5858146121400936,0.786455142071449,0.31897484829178824,0.8686959294781746,
0.7797779987519033,0.015282105786374456,0.4833158361704868,0.41666381337169534,0.9520129140681217,
0.8495830351177674,0.266193841816193,0.3037853084085417,0.6005644394155009,0.41362740054362956,
0.9019972654905547,0.3089953898696961,0.6231397068104856,0.5775879506218856,0.33838526291410453,
0.5682825355893977,0.9393265546231406,0.35771286765402543,0.3822344670129194,0.7096976042021016,
0.9772921953273822,0.15574729948626187,0.44579838377128445,0.5561435441542274,0.29550023712128914,
0.8222543056113875,0.9844193335199972,0.8146770799895869,0.2593983785580155,0.2169612600958003,
0.5071703607246645,0.6251559342399126,0.8736933693108094,0.40898450560383126,0.8630949690507606,
0.5764162535511426,0.5827437153514495,0.9107616280535319,0.3582506387659271,0.8147667281088184,
0.09476457998720855,0.3717473288307409,0.14255159058645228,0.16743718719572687,0.05995367649928529,
0.9714051235813445,0.2204452069307984,0.7827213384088786,0.7383108439916708,0.34575433449968684,
0.38574551915605304,0.6489045419835019,0.6298379223307672,0.2577074292285416,0.35848654554882065,
0.49566953513274836,0.40796995666877334,0.37866030006393436,0.4104467679227901,0.004523847557656446,
0.39650251960846794,0.48727410014584993,0.8060357806059145,0.9588951840390325,0.2609440975660018,
0.11111371076557941,0.4565223180613478,0.9498915978033057,0.5471365853856723,0.13778492504145978,
0.28812325127294647,0.520325698558851,0.19315098465753888,0.20443871650715872,0.9582605080306775,
0.17745313857112055,0.16487945118864145,0.7379874851959473,0.7193336556753263,0.5339774340583637,
0.921408751571059,0.3631047299743183,0.42564345568871764,0.9472247346611427,0.5031746830308134,
0.021056616312531085,0.9066420480120734,0.41799352527406297,0.6540605201087767,0.5496396350411622,
0.1884733039323686,0.18343610267940502,0.538017028270383,0.6629758409544807,0.3358070383638915,
0.3924300903176511,0.29144544874199707,0.2396434126802207,0.007258859131745177,0.4872495659948155,
0.8644989004897954,0.5785968877502596,0.17022735653998267,0.4319474436283425,0.3476220282047371,
0.8145578628360123,0.8047686440100508,0.7257120364525351,0.2540621977371146,0.9980338345047992,
0.8411679599397865,0.218562055004892,0.0347502036999906,0.4398490283184654,0.02215668836893525,
0.10709638885324402,0.43886211746186765,0.7960479094410994,0.8582621820555019,0.1296160833597061,
0.20153826620756177,0.02625848346291182,0.35356744438913124,0.9027879485667858,0.9396489795521622,
0.7970792120390707,0.7191958259200935,0.5461201999755931,0.06716120416574578,0.12177963912750123,
0.8631258295312635,0.22587284455409917,0.003574281221421227,0.028581812378907667,0.04747972147838553,
0.01662637344532103,0.9420561823443003,0.8320155471497152,0.7382187763160464,0.5265842834420539,
0.9683274496369513,0.1453181104762955,0.337217031165554,0.061786621647179296,0.3770019211373745,
0.1165740652601861,0.18297468688953666,0.714762789119944,0.6190093893788169,0.49726913058358213,
0.933771174470105,0.6547540229571028,0.4318879932711257,0.059157111444659405,0.20584670226607693,
0.06948703719696048,0.3541489702462717,0.5638165946913092,0.12924108044874938,0.6625822826231996,
0.005580222558823289,0.9589998314994017,0.30520632571562967,0.3460313362399775,0.22726900698563612,
0.726853398050173,0.5016498550370956,0.7837801688549806,0.4182886412824268,0.3413163268145061,
0.3068535262549753,0.7403058859420741,0.18040761568654973,0.6054784129041957,0.8767528047137694,
0.7671767792770067,0.6878440045689203,0.23440763947052734,0.8573496307414724,0.6209363633300256,
0.036001639981521616,0.4249321016941445,0.5413716409693636,0.9472543620811841,0.19128940029677854,
0.31108900676134865,0.3270791379794389,0.18913876599550983,0.06353787533351263,0.14242908198881843,
0.5871606953791147,0.381104436460587,0.6531929156479443,0.7420918512607116,0.12694693470120166,
0.47654604110652254,0.18737874729357007,0.3025438338305956,0.5137114705418115,0.12216378019684349,
0.652087816884304,0.8590973620831208,0.6926167860625553,0.3411425707447764,0.15216859669634364,
0.8448060717324716,0.46990188567505475,0.41588655797518903,0.08644638972855612,0.9750574687326808,
0.6401978412849975,0.3714627666540955,0.21222665398079676,0.3361616367368565,0.762396296260212,
0.8525085697033541,0.29159378516975354,0.9594599067283844,0.8472849004246102,0.8592101802217104,
0.16133320578122945,0.3509554829274225,0.5102029072975098,0.762060093574068,0.7489679212158628,
0.41619312424534527,0.46325919035053886,0.2504532392164289,0.7693150136241861,0.9710927851676247,
0.574194145474544,0.3867835937199876,0.5791319865792989,0.5616677066087526,0.1027553586600295,
0.7355537861375934,0.9418362271060429,0.6290346754019627,0.14049707919522825,0.616112342517739,
0.2599455297625546,0.15085040315616882,0.7262014708658844,0.8879849096784087,0.1698013207734259,
0.7662845821395409,0.5866594592230445,0.3193664136543972,0.26130052306768825,0.048866859610238844,
0.9613378313420042,0.5121941920034864,0.084775857497,0.03002146438915576,0.5094979547955507,
0.5613221183648311,0.5378286010636273,0.2958295651605287,0.869621227098359,0.11066849826574188,
0.18683174912180933,0.9805365479648216,0.0435347763622016,0.23581139310730626,0.07098578107866571,
0.7625471844517882,0.4114204819262848,0.6303567961409383,0.061223003449226154,0.5321292221316105,
0.8489289990321164,0.9025069801177712,0.9019208578015305,0.7447713291919353,0.11390998704067257,
0.3986070200463053,0.6502982781564002,0.6001188758740729,0.3978085618170114,0.8620501847817033,
0.34653365289852556,0.09363725995202576,0.6955669541989143,0.4087734752721065,0.39705650637974665,
0.676628577626273,0.4379096516367035,0.754676850098264,0.3341296321050956,0.7299548634441475,
0.6511792436876894,0.36565077434084237,0.3267519369201083,0.3077970573707407,0.7624292758090483,
0.21749842903318706,0.061076809928995,0.6400055837362197,0.051269431201067084,0.1508908231747048,
0.38295453342116226,0.6950750812098887,0.6649975308260438,0.3855938173868907,0.4008714022693415,
0.7005023157913068,0.05984177973649518,0.6185587823307437,0.5844724554583189,0.8932627145700994,
0.7086757809198951,0.27206868641320614,0.7620184525625432,0.9303680068456549,0.9243581307094394,
0.8809846773465545,0.8195423200205235,0.3279433182728718,0.6878869189446442,0.3122381938820523,
0.3351335564832535,0.016989296010225474,0.4418491792475653,0.49506641209259383,0.34369404827859296,
0.604970944996584,0.9121839752312251,0.6070895967546098,0.9206721566805012,0.21460158581044586,
0.15506700630419645,0.20918091132799588,0.2976961227823718,0.8346671219242955,0.19076349281070915,
0.6511808155276783,0.7786923761149561,0.962461734487921,0.7825856678280694,0.18085927301586746,
0.811987590593759,0.9433834859354685,0.14662961428863164,0.5801313318547389,0.1920579881373513,
0.8204644424038583,0.6367555720680858,0.8253824107257739,0.5140034049076916,0.6950861751806442,
0.7393153509192324,0.22286162596260028,0.6844873503129877,0.569858975853368,0.03341818447976164,
0.7054532827462306,0.5047987775664661,0.39561862966146855,0.12506735914210998,0.4937373343054714,
0.08485496718756869,0.5767219961565867,0.9472872010940081,0.12210222548781768,0.12137932128399553,
0.5022987568091704,0.23340015123773905,0.9097745202398537,0.8791516505603234,0.7658431745886888,
0.4169025584515882,0.31698112272128076,0.05114287005222251,0.6115068986170448,0.6889263112335107,
0.2680621711068747,0.5415096518870192,0.8026794876746027,0.45306339861214395,0.44620327840852414,
0.6148394063689975,0.5469207425845631,0.9573687693766136,0.7685583219560322,0.785698951445663,
0.33103482125643413,0.4546462306812664,0.7358847917260858,0.28445540844273465,0.5210533671595011,
0.844661475337421,0.11741580753826375,0.9285010565357492,0.3641206511995424,0.3857146681348259,
0.47954393696054975,0.7524285468242592,0.5927509588164777,0.7280448140323394,0.3959942141656644,
0.8063664113874656,0.17665463031094797,0.21782691632880746,0.7875145480411624,0.11859940869960339,
0.8933060114786873,0.14806166464553439,0.7307139660105414,0.9367617934034593,0.2956527226761473,
0.39144721811051664,0.24853006685130075,0.01130614204126279,0.34384268698224796,0.6403608118169346,
0.04890918449635551,0.8656139101682815,0.4375716479327877,0.3003676777885602,0.9136339794125756,
0.7090285562906422,0.8366303335544644,0.9362136170265111,0.45583492007710846,0.8922554302870815,
0.48945759706224423,0.053046336101338576,0.26257333633612323,0.5789875941209397,0.10298144612465454,
0.910650323866107,0.01798592404895072,0.6132796550380897,0.8817575277321347,0.014768311322228556,
0.0628314020098324,0.39910688231655467,0.740390356011484,0.9071223299119083,0.987882298920248,
0.9767101905603287,0.9504493658492634,0.8845356779755149,0.2814556595294829,0.3797420304491096,
0.12156897105835951,0.3175964934150256,0.7554788746089138,0.7878918350116738,0.13614722019035508,
0.3105927865425412,0.45983753621750856,0.9515845716506828,0.15803563769398843,0.5469877702703748,
0.06135438660072545,0.8585088392530253,0.11783803362761647,0.29849298620478293,0.21159996497865152,
0.6361462067137647,0.14091358755068562,0.7408367039667447,0.2568365359276319,0.2401367778454554,
0.2289057554647448,0.9156131038260229,0.7537492580949304,0.5652300446528579,0.13159489855650452,
0.9051375647893364,0.6462195360909905,0.23373471790731593,0.7530994360486793,0.04602202119994381,
0.6312471926423505,0.46579476172755263,0.6249267088052567,0.29722369823056827,0.19622999582074252,
0.116483065801399,0.9481013505244577,0.19960933868686936,0.04515989589048952,0.1766182603032912,
0.4575754417571407,0.21661627376120163,0.1478977949495317,0.7773743230915224,0.8943515007444078,
0.629380728036288,0.4445395714284164,0.013166652692104486,0.1842255948095315,0.5747426735426154,
0.3159878097433526,0.702962168991534,0.5167847586612302,0.26082591036482805,0.2921954532124016,
0.5470753227128877,0.39426922977026035,0.8724306749793819,0.11114895870321995,0.004675795272300776,
0.37713672454471914,0.18726566092064068,0.1645100804329409,0.6166478379594337,0.6916424267002946,
0.46408485295748736,0.5699369839729911,0.42910515671883964,0.08447488372664402,0.7350841565834719,
0.5954573176494533,0.6347793090535998,0.31046496631801646,0.23745136311792958,0.9278666719580294,
0.5426638619374784,0.4216108893443785,0.3527526579494451,0.32497823544191684,0.5107102594444693,
0.5891395247837512,0.08787722653723151,0.5206504125775816,0.5320357177824896,0.535050592040702,
0.8275511474236408,0.8618711493679334,0.7520173412605612,0.7755665193968762,0.8159706571442144,
0.04877888271194175,0.3118110338038995,0.7861379495641667,0.5838937736084644,0.5213520740355181,
0.5632470725346604,0.8861309858817066,0.32756845538702106,0.49060031368302026,0.8807194524945542,
0.11104883373042507,0.06716470105914607,0.3474419124318442,0.007598923857741635,0.5911176034427479,
0.2649166742036062,0.19905455301248542,0.11786488274692097,0.9872914264824557,0.46697038705771665,
0.5803364361525646,0.548064026639103,0.3492103302218994,0.4479711694055508,0.9672181046246124,
0.46036936935293515,0.35436899154208534,0.2837146684099672,0.5789154139248439,0.5344255404565449,
0.2637326237771638,0.7547237264383573,0.09781655890368446,0.15383176653001107,0.08626170594016291,
0.4924027767742848,0.35854738365297667,0.4525272422463492,0.38328468686370953,0.3194605171891144,
0.7618604701132102,0.0170076683269188,0.863383449676493,0.30758058357048346,0.15434574737689077,
0.0022163971686378625,0.41943392920367584,0.17785888427849061,0.18156098082809358,0.9121167395641276,
0.5416699025207582,0.8033155878582964,0.6700330643520247,0.3203671237205784,0.10411495886569655,
0.7378287520225301,0.42268164576779144,0.3621837735024451,0.36645443480140305,0.892125314934296,
0.9225692886961001,0.9153906482091398,0.6593951523795027,0.7050048775680487,0.8314824045043077,
0.006819642246297719,0.6287876569059726,0.41675997431303635,0.8427006256456029,0.12963859410064482,
0.10226237797690096,0.3417963382446493,0.401412058575511,0.8378485182295445,0.611857166493942,
0.3587452311056982,0.0415848050215607,0.19610558960010938,0.35709085402926133,0.18889920786683323,
0.6047057016665249,0.4061874657349439,0.9251635742123651,0.4175915743835831,0.40364952790381337,
0.20583751034097075,0.3984413817966842,0.6281791235030347,0.4740430188054221,0.44138475844342495,
0.5741091755520273,0.4645764122112178,0.4158398180581411,0.5524513499655525,0.8968524933525275,
0.9158294793782141,0.9694239404888747,0.5752231039206678,0.3626554762943015,0.6250051012649338,
0.39341099686254255,0.6701734154564766,0.09027847812697831,0.5647118823716122,0.9154178731577979,
0.1107941086854044,0.47670584232884006,0.992857301492004,0.012423214442705,0.13180160903137306,
0.8538305681630318,0.20478501555823625,0.0439425970578643,0.028450142415202162,0.3458693248301147,
0.23172488607794328,0.8090938310798639,0.42299845620819543,0.19047770001397624,0.30052798546213366,
0.9277293136752508,0.6700399423847206,0.13126234135486692,0.5659474022962844,0.5561641403946386,
0.9593207834145219,0.6153629620123944,0.35426473905427913,0.8396299412330734,0.7928340645381425,
0.43700400307815956,0.9158518574008162,0.6764363334892709,0.1623926078906036,0.15639201817990978,
0.4742954398986158,0.8229229243720351,0.934546663851798,0.09306165697138591,0.18100238555034476,
0.10363715829894893,0.661627269919411,0.9437496994640738,0.4367413224238528,0.5077738129629352,
0.28085959862997545,0.10710269391024385,0.9253667412893151,0.2507645831165769,0.9379051242642786,
0.611001165330333,0.6200091148902344,0.45900695813095194,0.47685525943355245,0.13300899035035973,
0.9683053618388695,0.9960735385620624,0.9756130965188814,0.9804337593402437,0.4407814382701738,
0.09034443887831456,0.073764378054758,0.05371025062540391,0.6352894594339429,0.8468570246087395,
0.7394522498867901,0.755295715874718,0.17043920455674266,0.43026848542888996,0.5524350011708652,
0.525992297130417,0.6722544447545138,0.6911789922141277,0.5424197053482419,0.19158831102004337,
0.26082247387297264,0.2746637734516232,0.11492887663954421,0.5849369405236392,0.07749477760816359,
0.7977150701008058,0.6213711575889194,0.9720672794993319,0.5582359503581528,0.5113956541206779,
0.6856515488273828,0.6556491717357575,0.35500656826380417,0.9738574791793755,0.48657008377921707,
0.7551100832165636,0.034605315433759,0.6519808059279265,0.8134224630883683,0.5699284643820541,
0.9431842714628861,0.04224027221452231,0.8616301632502706,0.12110508426387667,0.9146907050850681,
0.8555062614469275,0.41589112991468047,0.43553993681695224,0.8227775059353039,0.04584135298485281,
0.28025698280348266,0.8890190067935939,0.328263552112835,0.9799533322169419,0.5577058649434248,
0.4557420804700567,0.5580144681061812,0.841817405086938,0.6561951806213746,0.025798792759700317,
0.8661530925405063,0.4460825414083184,0.7038411478910748,0.04672696016537703,0.27479814418410653,
0.9942277599511486,0.3927876325077211,0.6212641837761997,0.6690687496807662,0.9490358266674799,
0.1394898260266113,0.8506292130832216,0.32988131993042313,0.12580405692602703,0.8485524385440214,
0.6511474395708688,0.9281045385846963,0.3028122941661936,0.49792680875215367,0.49176032576115314,
0.6749270914890453,0.1389211960075616,0.2251845150559435,0.5009359962906121,0.9258320694557947,
0.9527737490004543,0.5877498754050448,0.17372403150575932,0.169360779718857,0.965926398817205,
0.19438742331692416,0.47317482531422783,0.9968879574760092,0.941336171204954,0.9609043397077296,
0.46506956838194835,0.34591946712042443,0.7589824520997072,0.8299423963447523,0.7508844820933004,
0.03696223997777193,0.36200378721156246,0.9128976176624863,0.8711384985904891,0.3828058272088817,
0.6795811670336424,0.6614200685584516,0.5397509872788413,0.4390938244760254,0.5869011982126345,
0.8566100623377373,0.03976188155457461,0.28635190663117616,0.6978837470238908,0.9159417578925767,
0.36174408844793793,0.5861794716366827,0.8029607442487905,0.2611080750900956,0.6984635834825118,
0.53809962673708,0.06204386630095515,0.26439624472049705,0.7228199478304852,0.2786022845414462,
0.6419206325372124,0.5968660578345536,0.6708263741662854,0.7102038958701528,0.3476700551388253,
0.6385182936867543,0.6273645137776164,0.7258860369620731,0.9392904053630724,0.9788032829621905,
0.5696766906406479,0.8030648532189022,0.24758335047846447,0.9352354215936105,0.6620338672410657,
0.9812817813905912,0.9074400434599383,0.4485418357358749,0.014744711011901224,0.3090953068576827,
0.5120267705157251,0.6746887625611023,0.6216478531591467,0.9481927044601022,0.2579687065070675,
0.08729221985340074,0.47245547651999265,0.25652953664028844,0.6994825049855448,0.9283346751667502,
0.899793176259867,0.33734367795325837,0.05850957803278578,0.40077240102892076,0.06550795101224816,
0.7371801876774557,0.6482535212622612,0.0835330843452684,0.11679208491234927,0.20360167419872544,
0.3591271218256695,0.667566976139665,0.9498977037383024,0.6720488066630412,0.828965306644541,
0.261028867478298,0.7076932472201747,0.9413533226893626,0.8734625689422133,0.19233248865796726,
0.10703967996145636,0.8186968436376385,0.9881444394941835,0.45173265743412006,0.4429406226128507,
0.8673457543706921,0.24978450120624718,0.6552550936278485,0.6486475276069812,0.2742831855444605,
0.7430300150710966,0.6892070814147263,0.1043770746900522,0.7698972414013877,0.7171003130358842,
0.9991670920950804,0.9820252515386054,0.9781741575471593,0.03777432816106341,0.8242649350300763,
0.7892383423103221,0.053383562767516546,0.14148491830435905,0.5457282476773336,0.43342796915751014,
0.9680329450835023,0.6211887712833725,0.7180853477098196,0.5647943754492024,0.3569066110028446,
0.7777831620733763,0.28207832322695015,0.1771475165633245,0.393293992644966,0.9561915219382816,
0.9202542824101214,0.44629358576325584,0.7760512970568098,0.2518418196175878,0.5093671153513901,
0.5679796268173832,0.5399289075730709,0.2211131937482269,0.1481355970892233,0.9208668172192718,
0.06663706739679875,0.5584278139421723,0.2945682235782181,0.22472854130644926,0.3704102071734825,
0.31301654066500917,0.13397898855763313,0.4900467282861508,0.4593704554647787,0.1099885565638794,
0.4169825562581979,0.4624056192849676,0.3327791319648993,0.013186560460220376,0.6561708897143876,
0.9535595922144342,0.964304586694148,0.12141093099880018,0.7508382495776139,0.9207778140446353,
0.4427235131864601,0.7249474070461107,0.8210347078305045,0.40704478221788176,0.2940121113609244,
0.8659350099917438,0.2753929198170041,0.4869228266585154,0.8925723420637895,0.4439619437540965,
0.9115867803648715,0.17635919395122257,0.7843778346524196,0.5873788694682875,0.15394464955593856,
0.8594465151758327,0.6911129171987043,0.8711708612081697,0.36965392188362967,0.1611222073746077,
0.9419171233467478,0.10383055299147803,0.5731578142255439,0.3520193925664238,0.08813715052747229,
0.8285267225338336,0.7277591546351353,0.31015747927399595,0.4965265596519952,0.3879637955734113,
0.2841102912694403,0.7838881265671056,0.7876231242794863,0.3876801054089847,0.5571818465288447,
0.201488233961023,0.08857282474084716,0.659133270051024,0.03646788264330736,0.5550184053423558,
0.20345793548885904,0.3717733750607173,0.7485981263638899,0.9495418442326876,0.9692263793870503,
0.7724060319315507,0.34719264937593886,0.25352534288189255,0.2616085239878305,0.14049866911860565,
0.6917084780585219,0.9122201540475678,0.34294587208544114,0.9396852909954292,0.29519101127374603,
0.393047840201609,0.5026464980827536,0.8185764405417258,0.17025815275819312,0.9204918639901218,
0.23101977500669302,0.06808255226275584,0.2833081242270514,0.12772302411638725,0.48853303544335747,
0.37781046152713427,0.03885696529732863,0.0031630360990155815,0.9850713346307055,0.2506946345906844,
0.9590747085751005,0.04241690397976405,0.767570506705406,0.23287583578274507,0.9980046428837769,
0.8294820763839351,0.829433255453401,0.19494181067354832,0.7356125057120068,0.36586776303974566,
0.9014265938436476,0.26099619774380367,0.03372810621647959,0.34223555708063014,0.061298091852146186,
0.6236230328207129,0.6041047375562322,0.20439832794819568,0.3081377370796873,0.405666251235127,
0.33823656033270466,0.3039909016925191,0.7875509378679132,0.93384486826355,0.17923772371407753,
0.6438531809190283,0.9249975259194843,0.2745760422251453,0.7780012596831215,0.7291423023191836,
0.3271904123411419,0.6489801456194454,0.16901999370688192,0.8174172420057968,0.9452368457333661,
0.39189302131636783,0.2256654298502917,0.42441610838692034,0.6582442385867754,0.44881263079042466,
0.7103849522348571,0.28697209146770897,0.13240152213313172,0.015058447080500859,0.32219141157453035,
0.11049200412761151,0.538085840728523,0.8130240095957902,0.2619836807164174,0.3356460714533728,
0.46633423730623047,0.6762540294206469,0.485650502052129,0.8473961319646997,0.17605784609589048,
0.5631794432622937,0.9955737915148978,0.01921437817775762,0.12466648291333282,0.8586953119147495,
0.23306244741118798,0.7363223375914931,0.5873092808824807,0.8383677580043968,0.8774107318270065,
0.07400573202218508,0.053727241752892896,0.46790798289535573,0.1316902326934033,0.12053804407787605,
0.006752013192978135,0.28965289989659293,0.8810478485256773,0.0289713971485821,0.6327740808426312,
0.008143323647218592,0.9461968326744102,0.7580307445261375,0.9920433871395131,0.5284925002035088,
0.02295135016134553,0.11957322001419435,0.18545359399069816,0.6240890058295513,0.7980699945341259,
0.6885515088532809,0.09450090758862228,0.11427998120407967,0.16233645506257188,0.8511466148401867,
0.3423970180674779,0.4180316625712941,0.40372130592775735,0.7677116506827226,0.2268551667108626,
0.6161665617655793,0.7566310033010697,0.30939515796974737,0.5088570744317018,0.7026272441805301,
0.7076659696462074,0.09078901697796704,0.10674756483828995,0.5343191829218652,0.013972724604511821,
0.5656723987941582,0.9412930443641466,0.09943572447744087,0.4771891286346106,0.7788998154331669,
0.40487881561618366,0.11577085427265188,0.13414649213623575,0.7747079291620566,0.18680936255278435,
0.643375967526262,0.6749054978338596,0.8501925242095425,0.4767146612943587,0.3500193147983035,
0.5793677616758058,0.8124331773893202,0.8893548939448516,0.30325746233666284,0.6756182583725623,
0.14872003000057044,0.806654870100831,0.6795306802703098,0.5663183994596799,0.5515638272237701,
0.21658833447189885,0.5785448023652332,0.6438833670772626,0.5536461739364616,0.543571919191439,
0.21030411241297098,0.2208412695792923,0.12259467805940982,0.41131666999528826,0.08251155033227775,
0.6386859893370046,0.9414430375753569,0.7566255319757331,0.45765359340058565,0.08669970223941548,
0.7578634667747873,0.22141240964968134,0.2719392087224085,0.26163460479304435,0.6237352751516303,
0.2902594211586713,0.9123634443426978,0.9298082212246918,0.06633965375471063,0.21211629696398915,
0.7335181525509707,0.9150798440670793,0.23344760826188904,0.3472863094408859,0.9623735446818267,
0.029340659327777963,0.8367946413158396,0.21463125219022738,0.6871062373142162,0.986563449536604,
0.2819117370049986,0.17896755686531785,0.9551505558801064,0.3971219730317703,0.7170096133599029,
0.414914360978458,0.6160017524407412,0.5260045301294733,0.8595890743293633,0.5109938467325935,
0.43590144159538946,0.6167099969590597,0.36667717390241517,0.8365726553776814,0.184386589624296,
0.23202848079453942,0.2030654309439206,0.5842727896863629,0.8467856100749792,0.24357344192870456,
0.9316530254547093,0.22176921172821362,0.8520962889049045,0.8138454013443156,0.10097390108388915,
0.9394300841554895,0.22228172509838906,0.9577722355734415,0.9372141852821261,0.5640457659108323,
0.8468727648231735,0.045084137835176286,0.3615021286417909,0.32393008530372946,0.6658656229560009,
0.9105466658206116,0.9479795558330794,0.7969681395502273,0.4042564872734391,0.0759879392654359,
0.8141405839343973,0.350722577135984,0.6431554190479217,0.9562213740340592,0.592149578329839,
0.3925004913735214,0.43527368841263314,0.8203784115503623,0.5683274122179327,0.7873212646356336,
0.3766803533486235,0.710830591066055,0.7977207634640086,0.87301505239985,0.032075571416192106,
0.48379361999343595,0.501646864201794,0.6042210860558453,0.8774291826501811,0.6288707896761724,
0.33833174623115103,0.49084317289724944,0.4716852936035665,0.5492068061460729,0.20023701123415072,
0.16155976538181316,0.39833476568724036,0.5395870646097807,0.036396860013218735,0.579274228024132,
0.6280090664253039,0.7867319800570564,0.8240631668138171,0.16293051882230425,0.34485088002453157,
0.3341993765401793,0.22118351186479013,0.3289085006642425,0.9522677483312919,0.10372250362660507,
0.6197133653022745,0.25525171532708724,0.9277775368304486,0.7454750978269121,0.28948982349834484,
0.9932702977997308,0.4320049973406517,0.3016689931215506,0.053372073621074434,0.403599980305518,
0.09349116769363652,0.4110538845355718,0.4665783952414906,0.7775876648003941,0.18882847109157685,
0.05630285773222721,0.7866283154451448,0.41991302683059806,0.5167358229462373,0.6619313648256994,
0.11502284372588412,0.9146446634010811,0.6250401337410284,0.6873115712595479,0.9677744805347817,
0.27446814471023606,0.69113155448506,0.7275076458003484,0.18912308233947006,0.6816128534167936,
0.279311837117615,0.5340720757692556,0.5612522445860065,0.06904301168963967,0.402556457830454,
0.29860704696753104,0.6825457791349439,0.36176792161573446,0.801562809192275,0.003808481357051474,
0.6879015816694266,0.8006648540241148,0.12055846445776197,0.6398753827820798,0.16684608788592992,
0.40499785193068083,0.707194792586995,0.6085802447947489,0.19866930208786204,0.29485407679381526,
0.09295311327197353,0.69296076283389,0.7685270348297202,0.2910087964957664,0.8208416226483747,
0.5575073562796052,0.9544333435920349,0.937269024499072,0.178763712635422,0.8618844482179131,
0.18229278344793176,0.8491350044361485,0.569788905849885,0.7206383966820162,0.5345989433107802,
0.08265764213055604,0.7046599355546288,0.4220078891140554,0.5681517798443203,0.038659049854032235,
0.5372206551048567,0.030868046667786975,0.347123149303072,0.27002270470348544,0.8800512519855589,
0.7440021617373916,0.430026604568135,0.44354839556356007,0.9354486098092702,0.6403100963546788,
0.36262370223077733,0.622906467406516,0.5559913824244223,0.7742260563467145,0.8235260938579966,
0.9855148841953285,0.9092808662283848,0.39753224630680617,0.9452287237076892,0.0637014565085916,
0.36305006498457626,0.4629193697479571,0.4905365189017826,0.6093032006736192,0.829685747211956,
0.46205906890154447,0.5028232641754933,0.22089312651452198,0.5133082828737602,0.08161694617535453,
0.7682877362647874,0.9441144581028525,0.9879075890061422,0.1225492346080106,0.9293492437197666,
0.1581410217561795,0.8016333711320882,0.6211905191757788,0.3705507628055157,0.19507148005757324,
0.3501902325858183,0.1350532306507456,0.0618146971156327,0.3041046521978197,0.5913900675886445,
0.7119242038529199,0.3886229042982141,0.7686316705421526,0.28326465140623736,0.14775802677494687,
0.624668834164429,0.21192005854074425,0.8197439939523322,0.7570296862683655,0.10975676442162907,
0.38585399246045715,0.41075716609943125,0.028624744223530008,0.38419902777668613,0.027233671286583938,
0.30771344573030546,0.22100789067882753,0.5006893154871604,0.6874262215331468,0.010674178825392677,
0.16232567088365368,0.48560611420290756,0.7936994015915156,0.9101261929564735,0.2642629553397303,
0.45392739481880096,0.5843584824127923,0.6141199597598138,0.032886701064733015,0.19541402100989835,
0.9748455164166285,0.2906371629728247,0.1653748579701525,0.14444565169583934,0.8582498970361493,
0.7154033066697164,0.6584418483393791,0.5218702040616809,0.8212172730596553,0.35696347627806246,
0.22243709530404598,0.09445348013407062,0.765033942181843,0.7536899751371979,0.6945056044354834,
0.43599312516958366,0.4617017687157352,0.641493041962426,0.07486549705239953,0.7938870145705559,
0.6461091600082893,0.7763565439204355,0.27216969575333816,0.6659228269874458,0.8479410472076525,
0.162422848467062,0.6370844669425643,0.9742824331550317,0.8007614220371333,0.4442021734279169,
0.8876304500802685,0.2872309634763953,0.9307399855884398,0.5505833722536583,0.08549690252276221,
0.8836869064833309,0.12378390606929102,0.2886747637106486,0.9094528705912486,0.5818467373959146,
0.6973749655038887,0.47710523267212257,0.5901441534532181,0.16026332471720883,0.26220097904829576,
0.3812671578350244,0.5199779202806201,0.88825460395675,0.9487096806545026,0.6670844038533114,
0.7324620092016175,0.15224522288232112,0.2950025104364856,0.825240351526521,0.15727891274771288,
0.4156203634557344,0.945024346014755,0.0344021789698149,0.8005393217334894,0.7818979851346831,
0.18979465265653794,0.7298294071009688,0.7740737732518044,0.2445015541821428,0.29946456329164184,
0.7228562051423855,0.4032851572576692,0.301142636028649,0.5402732033819572,0.5770885482858246,
0.47999877538657343,0.9867987460639095,0.7480159369170344,0.08875877688443379,0.09491092615524854,
0.5364985901493834,0.3384261450225653,0.14153178214870799,0.3836506439493582,0.8276036686950661,
0.6749110303319517,0.9101586840104385,0.9511338247364208,0.4710012583609309,0.7853714538368587,
0.37272504044788735,0.700802726212919,0.9216006624540222,0.5223744662846131,0.35784283915359794,
0.28850753876473134,0.2607513216171108,0.39473630463070597,0.9009863281830092,0.44520190610817945,
0.3666774981127565,0.4636128875602612,0.5132739435656644,0.9682867435588153,0.03375132471718412,
0.8924839795410848,0.07634993871598339,0.2683523286040972,0.2274020610971197,0.9679555744140355,
0.4686204237948717,0.9762315368756487,0.06868634879945545,0.6670950911520726,0.7009511859874143,
0.26469197549378376,0.3310208042372872,0.13705236806966026,0.2940348606619936,0.21975803391159088,
0.2013044969111415,0.7740086461308258,0.864987750451392,0.8085688676781846,0.8086357110377209,
0.9410348828197438,0.4073373889996029,0.7338414617909175,0.5560540483052202,0.7482298502034069,
0.5464139178906811,0.7394226445837946,0.6042153529307144,0.7335473208143233,0.1312598350891523,
0.7370778115147724,0.9506329934508475,0.7290107543528993,0.8845239492961536,0.4615779158261081,
0.42409707311552225,0.6745533265588716,0.4734074204382349,0.2293106753128792,0.5711074999342525,
0.6505096223301259,0.28758097273121175,0.775055888263922,0.8496358431942462,0.9398247556241431,
0.4140938807890332,0.0722289324901676,0.7652553863151463,0.5023357526587654,0.7846474192982065,
0.5038101047626437,0.5856565346338349,0.8460189063477843,0.23720625530560702,0.7443422618879457,
0.051791116862654474,0.9138858214896948,0.28177344628166767,0.23779279036114187,0.06736541203569069,
0.270250498812019,0.6892559771419919,0.21174000249074132,0.6931282675759355,0.5663778610881625,
0.6326994664428963,0.7552582307561624,0.898377746704433,0.9930643314791446,0.0017720062486987764,
0.60604018383625,0.4293357752478204,0.1864892457824262,0.6842290998808626,0.9417087474762675,
0.8425169626165407,0.8437152648475995,0.062192613267842645,0.6509346426402859,0.22094449367134317,
0.12550515033474763,0.7064288536984794,0.27189059617957667,0.34204235484145384,0.7766613507516259,
0.26841193535410357,0.02873662261107801,0.09825986955859423,0.7778831745605435,0.8678105851188717,
0.1712448979618505,0.7849610234838542,0.2581768386236786,0.8521375774956188,0.12833704953629066,
0.4648374187339618,0.34314097913619457,0.6656532395552259,0.8232206544377113,0.994080787528226,
0.5919909294966661,0.706215387622591,0.8659756923525956,0.45277689712757774,0.6849728275869914,
0.4716199565317444,0.23885582819947493,0.660459803610801,0.06285859928324145,0.0010780143538390297,
0.5202336630514958,0.1774916161630371,0.2915013653056536,0.6028267741889667,0.6550326676984557,
0.6939095721436014,0.026970010309742665,0.12547295098598055,0.7726532351632286,0.9896091323413316,
0.5905709999794801,0.578519420151755,0.5778136232316687,0.7132074357952982,0.3281042291449696,
0.7366268459388274,0.39539132191374127,0.07165952964706956,0.12398887900044286,0.472513994810112,
0.03726398092472716,0.1486746343554074,0.6684342390879774,0.9550019248227153,0.2773130631831434,
0.9772075618318256,0.3346200145007917,0.5215583700672549,0.8701678817688244,0.6797765201754407,
0.8128886896835892,0.9888011478791542,0.7299314078752108,0.9600847912443052,0.9702426484460356,
0.39976993824175877,0.09704320440208725,0.9804009311583088,0.7559772151676162,0.7233779703122644,
0.26459929728854215,0.1913782073290059,0.35806995394244756,0.8193065714310983,0.7098624033762834,
0.9944709455099854,0.22998547201564556,0.06070715789903125,0.2823604478576477,0.2118314093089939,
0.05384472398450524,0.3674265079797867,0.4368848933578784,0.21454846971014174,0.183445766372485,
0.044073084189385936,0.36786503338076915,0.2173145307006764,0.6194129426337386,0.7400937357867966,
0.30100769102481617,0.6860848466628603,0.10879011444012243,0.05313122407666848,0.1287567791927714,
0.02501942976044158,0.5326825545782676,0.7822851031855248,0.03804029998878744,0.7099744213940773,
0.3480915097437407,0.6044997990407024,0.7719372096063589,0.81803612234537,0.48387394646269455,
0.9951552279420839,0.6913100513154623,0.46606795906201504,0.7557998752751961,0.5430371323818438,
0.8581137473444735,0.015966765221054113,0.561967852440602,0.4202155617650536,0.9490045182718014,
0.030301457766485962,0.3473788544131118,0.6589615728906865,0.9260377564644139,0.8692337101911118,
0.08525765182473888,0.06068404595092414,0.04065670378286046,0.5080971242634574,0.8127497919591246,
0.015969701733979824,0.9278387432087956,0.6247373037820797,0.0799115850226314,0.25016117166598095,
0.25917977568939543,0.2566924946550152,0.02344903683769406,0.5255095245392476,0.6668610223507283,
0.3605204222448505,0.6604516395658637,0.6287891710615063,0.4248572643555202,0.4190540583791815,
0.9124048656449493,0.5523645944266621,0.6794089517096202,0.8370952303418253,0.816055250818953,
0.637050160173627,0.8576950283311463,0.2420315836365622,0.35524043426546237,0.5867053730898912,
0.2518073478787912,0.9630891611315249,0.35658580176626453,0.6873599374529423,0.6745414614120023,
0.9014094057207321,0.9320085575535259,0.2677643344680183,0.5141829101698225,0.7228656424727343,
0.022258550750629436,0.42361322162236037,0.4773818072177062,0.806511032851526,0.6982652383878842,
0.29429057421786664,0.8023730646491483,0.6637764408000553,0.010848023716173438,0.7288369209495642,
0.7492131365870739,0.6070130404054996,0.3443875151284962,0.006940705200312536,0.7293686587688448,
0.29070139376209914,0.4263430751459285,0.39110747840285975,0.5239062189895901,0.3746248689130498,
0.37204233271744325,0.6777618245416599,0.6576964937840297,0.965532230910842,0.40295610873214927,
0.5878888028204401,0.14646031426099826,0.6822905339693615,0.16671258014726575,0.7919232207249505,
0.5141479987989556,0.15925620187931133,0.9083923713972629,0.5989465697914949,0.19005739153341972,
0.5535684685478981,0.09518636623949106,0.8568527031298321,0.13826047321846624,0.15429630809367123,
0.48028595326440804,0.4079957227541684,0.846321824019701,0.504846019953666,0.006916041535084738,
0.5239340362113429,0.6059569406765795,0.5447639394132645,0.3997083103379412,0.10323699526169638,
0.3551919845660124,0.15304444192535638,0.7681530754924929,0.05792163640771708,0.2197509294601544,
0.132280585084807,0.05565597974577041,0.2369387708316627,0.29080987258878244,0.11147113509159612,
0.7077650658270063,0.4392289022088589,0.10692252797321333,0.0650243086455844,0.5044234905684101,
0.5542208091348653,0.7698350259466384,0.14647481982821753,0.10364102644001982,0.634246119408756,
0.6170717992918759,0.31765796163565096,0.4777677601270037,0.7511956706509916,0.8985890644302763,
0.8175604170735201,0.08859149154223689,0.8188445876449597,0.9604558661025743,0.8597946245882043,
0.3437702097232108,0.1726244654051421,0.02543699176105696,0.07361947761062804,0.6046493365502328,
0.5902230369082724,0.7785161151519552,0.110657212905233,0.774303031264233,0.6092428845722714,
0.6148115953306738,0.5279327193070766,0.28467778630520313,0.4522523766287435,0.5880013333122378,
0.5275879372532858,0.12300544388510459,0.6049139393979089,0.809287152529075,0.3846007288875716,
0.3901918464694356,0.10947550912278514,0.29009348516075484,0.42606426551381915,0.7676767668822957,
0.9337637163995188,0.9961087158377594,0.23905911205857033,0.18429924866972203,0.35491789983022226,
0.1859421155407981,0.37887739629793427,0.9209920363120424,0.15745610391028064,0.9445831482827258,
0.22533434972630684,0.3686674805193767,0.5868657180824742,0.19001367722056506,0.7921296153884788,
0.6634466860936487,0.4227630298976518,0.33073839749103406,0.2326967856879395,0.4634225962073044,
0.2397672184789419,0.18266205768996924,0.5057067760873256,0.2024364605554293,0.9095863821853281,
0.715656829767968,0.16436659375550922,0.2588868481723632,0.6644141542610538,0.6933265381568859,
0.5158820736651241,0.611378878097863,0.5895877710313546,0.29388934340675665,0.46092944026503524,
0.7180605747811439,0.24255907902556162,0.3557635258378228,0.1677074219465634,0.5527824203622044,
0.20558255106016288,0.9783562540111993,0.3611177122821725,0.9587551386582519,0.7711250226927335,
0.82671810634007,0.41484875869063675,0.7391697442273831,0.6318541358414144,0.6381411420519273,
0.622613796488762,0.19428304349120773,0.4011635843355509,0.10944182428554616,0.9945212674239783,
0.13576103886937552,0.025545014662849197,0.5555841695267094,0.6755315547331807,0.7616111969446079,
0.6667179352361369,0.4734629997437144,0.6151812521686953,0.1588241455808399,0.4292807208568544,
0.41908078027405116,0.43123230986546646,0.6158841553108171,0.3887468716330713,0.41201562354533705,
0.5046301982373526,0.37359707829746525,0.735182974963437,0.41799246217385033,0.2191314952907073,
0.9202228928487398,0.4892659113369189,0.32853316139618505,0.9161881504173002,0.44568988290378864,
0.1704281254294454,0.2560752846186817,0.5741523042134113,0.6097059090862017,8.622963839438613E-4,
0.8936137345455617,0.4405916958478443,0.34987149561667175,0.7145072963912404,0.14983304595166402,
0.8474825888638947,0.05843868642406447,0.806739456321084,0.26386256734450586,0.2212737499676769,
0.0901482926500351,0.10834456640633494,0.128200721902745,0.8632911743160486,0.22861775252406158,
0.8964476825334455,0.6040181918002733,0.42068057439709505,0.43504026713051935,0.3654291331957862,
0.1999649230594832,0.09405999364971807,0.9304955907864763,0.17245708229745493,0.6037685602322824,
0.5352829792632662,0.4219612646973533,0.9451180341320212,0.2053273578779672,0.07718800790137581,
0.07215275025719681,0.09272891477041778,0.9306634443774153,0.40693722078945627,0.6346094745264186,
0.9982653104786524,0.4180175249822161,0.045523593227805526,0.02798324180807832,0.6844419959978083,
0.8105291155876666,0.028252688217509703,0.5072743464414685,0.3453344011838021,0.21436117515008024,
0.9944812320666084,0.504799668787694,0.7140297461578179,0.1767919005348687,0.4896218089281096,
0.1599664661286203,0.09714943816665533,0.3757103122485729,0.6583989448490881,0.5344641864369847,
0.04868499080758193,0.08011652510909995,0.6655690795635939,0.518276164236304,0.0784420426342447,
0.8406415491881328,0.11879279823822642,0.47195155200237593,0.4944878434814519,0.2997657142656336,
0.48807498729398224,0.721867562740142,0.46434977865592575,0.973328536004685,0.0171644272584065,
0.1277505908088692,0.6463136994493451,0.34808728088199925,0.9045314235571837,0.07551412492758769,
0.29002252825641994,0.6644951792814512,0.5950183319726897,0.4135103923797413,0.534677107569796,
0.3095347764992442,0.8679846449866859,0.04658179398360396,0.7434929666066239,0.8313554221734403,
0.03374461040281851,0.1298370924787794,0.1046679763510342,0.20562824248277045,0.9573220485815657,
0.06286634532575719,0.40196758783757913,0.13294632659831584,0.8170237914902074,0.7751481586587168,
0.8121362760354843,0.8272610078169633,0.47505912130592853,0.1146908961089762,0.821694214187641,
0.967260353516437,0.08840995878431435,0.5044898042237954,0.8722815959634672,0.22575900501376434,
0.12038258530345747,0.4151698468710625,0.14156250606346377,0.06658323268648347,0.22674816555498134,
0.6172240533093506,0.9458036668774313,0.30409884092204675,0.5851063894868198,0.6225456979281028,
0.6105936366928424,0.2574436381944274,0.112082741797071,0.20249181959382268,0.2977702297742362,
0.1996905798278833,0.6701963526207769,0.37850484412751484,0.1994754030808662,0.20158091958123003,
0.8047125012745678,0.8213579476513837,0.7143583386150747,0.4001320046237895,0.7705198478884238,
0.1663786043033637,0.7062988996945234,0.1843371868234137,0.610049143598665,0.35454473592277924,
0.7126256051604279,0.7833401569748395,0.8254771461726895,0.7431356560969047,0.01665319795056408,
0.26687996173898265,0.7519352543677789,0.3946601212805684,0.828467301876284,0.023466586983608373,
0.08316998102807727,0.6490724528619547,0.42823412067885736,0.36866165681994223,0.1270777587797569,
0.8118265598786266,0.017915928036561057,0.05400249326145046,0.27576421334509815,0.5491073835361179,
0.20012350248198896,0.09652193760169592,0.8632537458342814,0.3716173132533148,0.4569391624185505,
0.5294802211609709,0.05370255356314779,0.409585468264302,0.7368949879104286,0.38683975856179176,
0.6539441385561233,0.5342057794854079,0.2748926512541243,0.47717702440571663,0.7764234818268003,
0.7644992537980045,0.06770288503388444,0.27714062946939977,0.0920520304997039,0.8136348689628299,
0.006783890109650748,0.5802276547294913,0.007242957240621295,0.5750327089073866,0.5305100741741119,
0.3735658649250865,0.47536176746264414,0.3261117590794844,0.7995033130812359,0.7835517369153869,
0.31005491505644167,0.43633395519296514,0.8216113776210823,0.8306098881023308,0.806394857061281,
0.4062352881805491,0.6571789299346217,0.16400251619867656,0.19550679277090555,0.13542346217059087,
0.8206085614611338,0.9095318273402865,0.9593192246800872,0.42006130073777903,0.2608107810385494,
0.25614291307191894,0.3143064341445234,0.8141433855543473,0.8509932486791404,0.4318476181602645,
0.23656795060203595,0.15391294329486815,0.1473414240610501,0.2750553010930672,0.24531667917526845,
0.24105511719529327,0.2864940413231898,0.694309065422281,0.787823582148754,0.40784158824486383,
0.28331867012340783,0.9275913227145411,0.4760936835641426,0.946190464830367,0.6633439744316155,
0.6617758174238213,0.6140246101229211,0.6726450646047165,0.3183068951399629,0.7534676893474797,
0.42352541726678206,0.22256325442788738,0.7086246963684207,0.504386833317036,0.12905003201840548,
0.01934920812508656,0.05320307698327853,0.18761464575757936,0.5922264080202697,0.2483474363856466,
0.9448435057175194,0.795437198788972,0.5017384497295612,0.580058985217397,0.9086139810603857,
0.785182992852675,0.21834526139561217,0.8336278550686792,0.7808996319312521,0.9363669086339576,
0.250897855193177,0.2490855830158638,0.4284504884774353,0.3006160732869829,0.9964408220993717,
0.545630187625793,0.24959577812489397,0.625267746834227,0.8159624250346313,0.483255608297785,
0.10389552663137591,0.562193008822936,0.7370835900312971,0.21633592099930643,0.8018515143782863,
0.43531435378668026,0.07595252980580725,0.3303085417106584,0.05290190187979282,0.333449258599405,
0.05283839738247609,0.08638899972694769,0.8177744430787633,0.819525872062185,0.03939412242412943,
0.06428913392179347,0.34037587572933437,0.6028809735117479,0.4202846995105324,0.08920018481371184,
