0.014285714285714285
0.02967032967032967
0.02967032967032967
0.054578754578754586
0.054578754578754586
0.061721611721611724
0.07505494505494506
0.08457875457875458
0.08457875457875458
0.08457875457875458
0.08457875457875458
0.08457875457875458
0.10948717948717948
0.10948717948717948
0.12487179487179485
0.12487179487179485
0.12487179487179485
0.14772893772893772
0.14772893772893772
0.14772893772893772
0.14772893772893772
0.14772893772893772
0.14772893772893772
0.1631135531135531
0.1631135531135531
0.1631135531135531
0.1631135531135531
0.1631135531135531
0.1631135531135531
0.1631135531135531
0.1631135531135531
0.1722044622044622
0.1722044622044622
0.1722044622044622
0.1722044622044622
0.1722044622044622
0.1722044622044622
0.1903862803862804
0.1999100899100899
0.1999100899100899
0.1999100899100899
0.20900099900099903
0.20900099900099903
0.2180919080919081
0.2180919080919081
0.2271828171828172
0.2271828171828172
0.2271828171828172
0.2271828171828172
0.25003996003996
0.2643256743256743
0.2643256743256743
0.2930436230436231
0.2930436230436231
0.3183682983682984
0.3183682983682984
0.3183682983682984
0.3274592074592074
0.3417449217449217
0.3417449217449217
0.3417449217449217
0.3417449217449217
0.3488877788877789
0.3488877788877789
0.3488877788877789
0.3488877788877789
0.3488877788877789
0.3488877788877789
0.3488877788877789
0.3488877788877789
0.3488877788877789
0.3488877788877789
0.3642723942723942
0.3642723942723942
0.3642723942723942
0.3642723942723942
0.3642723942723942
0.3642723942723942
0.3642723942723942
0.3642723942723942
0.3642723942723942
0.3642723942723942
0.3733633033633033
0.3733633033633033
0.3733633033633033
0.3733633033633033
0.3733633033633033
0.3733633033633033
0.38288711288711286
0.3919780219780219
0.42402930402930405
0.4311721611721612
0.4311721611721612
0.4635531135531135
0.4789377289377289
0.488028638028638
0.488028638028638
0.488028638028638
0.5023143523143523
0.5023143523143523
0.5118381618381618
0.520929070929071
0.520929070929071
0.520929070929071
0.520929070929071
0.5280719280719282
0.5280719280719282
0.5352147852147853
0.5352147852147853
0.5352147852147853
0.5352147852147853
0.5423576423576424
0.5423576423576424
0.573126873126873
0.573126873126873
0.573126873126873
0.5885114885114886
0.5885114885114886
0.5885114885114886
0.5980352980352981
0.5980352980352981
0.5980352980352981
0.5980352980352981
0.5980352980352981
0.6162171162171163
0.6233599733599734
0.6457842157842157
0.6529270729270729
0.6715417915417915
0.6715417915417915
0.6715417915417915
0.6715417915417915
0.6715417915417915
0.6786846486846487
0.6786846486846487
0.6786846486846487
0.6786846486846487
0.6786846486846487
0.6786846486846487
0.6786846486846487
0.6786846486846487
0.6858275058275058
0.6953513153513153
0.6953513153513153
0.6953513153513153
0.6953513153513153
0.6953513153513153
0.6953513153513153
0.7024941724941725
0.7024941724941725
0.7024941724941725
0.7024941724941725
0.7024941724941725
0.7024941724941725
0.7024941724941725
0.7024941724941725
0.7024941724941725
0.7096370296370296
0.7096370296370296
0.7096370296370296
0.7096370296370296
0.7096370296370296
0.7096370296370296
0.7191608391608392
0.7191608391608392
0.7282517482517482
0.7282517482517482
0.7282517482517482
0.7282517482517482
0.7377755577755577
0.7544422244422243
0.7544422244422243
0.7635331335331335
0.7635331335331335
0.7563902763902763
0.7635331335331335
0.7635331335331335
0.7635331335331335
0.7706759906759907
0.7706759906759907
0.7706759906759907
0.7208591408591409
0.7208591408591409
0.7145654345654345
0.7555178155178155
0.7555178155178155
0.7326606726606727
0.7326606726606727
0.7326606726606727
0.7326606726606727
0.7398035298035298
0.7398035298035298
0.7244189144189145
0.7244189144189145
0.7172760572760574
0.7039427239427238
0.7039427239427238
0.7172760572760574
0.7326606726606727
0.7326606726606727
0.7326606726606727
0.7363236763236763
0.7363236763236763
0.7272327672327673
0.7272327672327673
0.7534665334665336
0.7534665334665336
0.7534665334665336
0.7534665334665336
0.7625574425574426
0.7534665334665336
0.7534665334665336
0.7534665334665336
0.7534665334665336
0.7590942390942391
0.751951381951382
0.7673359973359973
0.7578121878121878
0.7913786213786215
0.7913786213786215
0.7913786213786215
0.80999333999334
0.80999333999334
0.7937595737595737
0.7937595737595737
0.7937595737595737
0.797092907092907
0.7828071928071927
0.7923310023310023
0.8018548118548118
0.8018548118548118
0.7947119547119547
0.8038028638028637
0.818088578088578
0.818088578088578
0.8276123876123875
0.8347552447552447
0.8347552447552447
0.8347552447552447
0.8347552447552447
0.8347552447552447
0.8193706293706293
0.8193706293706293
0.8193706293706293
0.8193706293706293
0.8379853479853481
0.8379853479853481
0.8379853479853481
0.8379853479853481
0.8379853479853481
0.8379853479853481
0.8422277722277721
0.8422277722277721
0.8422277722277721
0.8576123876123877
0.872997002997003
0.8587112887112888
0.8634731934731935
0.8760606060606062
0.8602430902430902
0.8602430902430902
0.8511521811521812
0.8644855144855145
0.8491008991008991
0.8644855144855145
0.8644855144855145
0.8395770895770897
0.8252913752913754
0.8343822843822843
0.8248584748584749
0.8248584748584749
0.8343822843822843
0.8343822843822843
0.8343822843822843
0.8272394272394272
0.8181485181485181
0.8038628038628038
0.8038628038628038
0.8038628038628038
0.8038628038628038
0.7967199467199467
0.7967199467199467
0.7967199467199467
0.7967199467199467
0.8162437562437562
0.8008591408591409
0.8008591408591409
0.8008591408591409
0.8008591408591409
0.8008591408591409
0.8008591408591409
0.8008591408591409
0.8008591408591409
0.808001998001998
0.808001998001998
0.7989110889110889
0.7989110889110889
0.7616816516816517
0.7688245088245088
0.7688245088245088
0.7688245088245088
0.7688245088245088
0.7812054612054613
0.7721145521145522
0.7587812187812188
0.7721145521145522
0.7721145521145522
0.7721145521145522
0.7721145521145522
0.7721145521145522
0.764971694971695
0.7554478854478855
0.7687812187812189
0.7687812187812189
0.7687812187812189
0.7687812187812189
0.7687812187812189
0.7616383616383616
0.7616383616383616
0.7544955044955045
0.7544955044955045
0.7544955044955045
0.7544955044955045
0.7544955044955045
0.7544955044955045
0.7544955044955045
0.7544955044955045
0.7237262737262737
0.7237262737262737
0.7237262737262737
0.7237262737262737
0.7237262737262737
0.7142024642024641
0.7142024642024641
0.7142024642024641
0.7142024642024641
0.7142024642024641
0.7142024642024641
0.7142024642024641
0.7070596070596069
0.7070596070596069
0.6789210789210788
0.6717782217782217
0.6717782217782217
0.6717782217782217
0.6717782217782217
0.6717782217782217
0.655111555111555
0.655111555111555
0.655111555111555
0.646020646020646
0.6388777888777889
0.6388777888777889
0.6388777888777889
0.6388777888777889
0.6388777888777889
0.6388777888777889
0.6388777888777889
0.6388777888777889
0.6317349317349317
0.6317349317349317
0.6317349317349317
0.6317349317349317
0.6317349317349317
0.6226440226440226
0.6093106893106893
0.5959773559773559
0.5959773559773559
0.5959773559773559
0.5959773559773559
0.5959773559773559
0.5959773559773559
0.5959773559773559
0.5731202131202131
0.5731202131202131
0.5731202131202131
0.5731202131202131
0.5526440226440227
0.534029304029304
0.5135531135531135
0.5135531135531135
0.5044622044622045
0.5044622044622045
0.5044622044622045
0.5044622044622045
0.489077589077589
0.489077589077589
0.4646020646020646
0.4646020646020646
0.4646020646020646
0.4555111555111555
0.4555111555111555
0.4555111555111555
0.4555111555111555
0.4555111555111555
0.41113886113886117
0.41113886113886117
0.41113886113886117
0.41113886113886117
0.41113886113886117
0.41113886113886117
0.4020479520479521
0.3723776223776224
0.35333000333000336
0.3438061938061938
0.33666333666333664
0.33666333666333664
0.3271395271395271
0.3271395271395271
0.3271395271395271
0.3271395271395271
0.3271395271395271
0.3271395271395271
0.31804861804861806
0.31804861804861806
0.31804861804861806
0.30852480852480857
0.30852480852480857
0.30852480852480857
0.2942390942390943
0.2809057609057609
0.2809057609057609
0.2809057609057609
0.2809057609057609
0.2809057609057609
0.2809057609057609
0.2809057609057609
0.25013653013653014
0.24104562104562105
0.24104562104562105
0.24104562104562105
0.22771228771228774
0.22771228771228774
0.198994338994339
0.198994338994339
0.198994338994339
0.16822510822510822
0.15913419913419916
0.15913419913419916
0.15004329004329003
0.1405194805194805
0.1405194805194805
0.1405194805194805
0.1405194805194805
0.1405194805194805
0.1405194805194805
0.1405194805194805
0.1405194805194805
0.1405194805194805
0.1405194805194805
0.1405194805194805
0.1405194805194805
0.1405194805194805
0.1405194805194805
0.1405194805194805
0.1405194805194805
0.1405194805194805
0.1314285714285714
0.1314285714285714
0.1314285714285714
0.1314285714285714
0.12190476190476192
0.11476190476190476
0.11476190476190476
0.10142857142857142
0.10142857142857142
0.10142857142857142
0.08714285714285715
0.08714285714285715
0.08714285714285715
0.08714285714285715
0.060476190476190475
0.060476190476190475
0.060476190476190475
0.04714285714285714
0.04714285714285714
0.04714285714285714
0.04714285714285714
0.04714285714285714
0.04714285714285714
0.04714285714285714
0.020476190476190474
0.020476190476190474
0.020476190476190474
0.020476190476190474
0.020476190476190474
0.020476190476190474
0.007142857142857143
0.007142857142857143
0.007142857142857143
0.007142857142857143
0.007142857142857143
0.007142857142857143
0.007142857142857143
0.007142857142857143
0.007142857142857143
0.007142857142857143
0.007142857142857143
0.007142857142857143
0.007142857142857143
0.007142857142857143
