0.019111111111111113
0.019111111111111113
0.019111111111111113
0.019111111111111113
0.019111111111111113
0.019111111111111113
0.019111111111111113
0.019111111111111113
0.030222222222222223
0.04622222222222222
0.06844444444444445
0.06844444444444445
0.06844444444444445
0.06844444444444445
0.06844444444444445
0.07644444444444445
0.09555555555555555
0.10732026143790849
0.10732026143790849
0.10732026143790849
0.11908496732026144
0.12908496732026145
0.14819607843137256
0.14819607843137256
0.14819607843137256
0.14819607843137256
0.17107189542483658
0.17107189542483658
0.17107189542483658
0.1810718954248366
0.19283660130718952
0.20083660130718953
0.20083660130718953
0.21194771241830063
0.22371241830065358
0.2417124183006536
0.2417124183006536
0.2417124183006536
0.2577124183006536
0.2577124183006536
0.2577124183006536
0.2577124183006536
0.2677124183006536
0.2677124183006536
0.2677124183006536
0.2677124183006536
0.2874771241830066
0.2985882352941177
0.2985882352941177
0.2985882352941177
0.3096993464052288
0.3096993464052288
0.3096993464052288
0.3096993464052288
0.331921568627451
0.331921568627451
0.3436862745098039
0.3436862745098039
0.3436862745098039
0.35479738562091506
0.35479738562091506
0.35479738562091506
0.36590849673202613
0.3776732026143791
0.3776732026143791
0.3856732026143791
0.3856732026143791
0.4047843137254902
0.4047843137254902
0.4165490196078432
0.4165490196078432
0.4165490196078432
0.42766013071895426
0.43942483660130727
0.43942483660130727
0.43942483660130727
0.45053594771241834
0.46230065359477124
0.46230065359477124
0.47230065359477125
0.48030065359477125
0.48030065359477125
0.4914117647058823
0.5014117647058824
0.5014117647058824
0.5014117647058824
0.5014117647058824
0.5014117647058824
0.5014117647058824
0.5114117647058823
0.5194117647058824
0.5194117647058824
0.5194117647058824
0.5194117647058824
0.5194117647058824
0.5194117647058824
0.5194117647058824
0.5194117647058824
0.5194117647058824
0.5194117647058824
0.5311764705882352
0.5311764705882352
0.5311764705882352
0.5311764705882352
0.5429411764705883
0.5509411764705883
0.5620522875816993
0.5731633986928104
0.5731633986928104
0.5731633986928104
0.5731633986928104
0.5849281045751633
0.5849281045751633
0.5960392156862746
0.6040392156862746
0.6040392156862746
0.6151503267973857
0.6151503267973857
0.6151503267973857
0.6151503267973857
0.6151503267973857
0.6231503267973857
0.6231503267973857
0.6231503267973857
0.6231503267973857
0.6311503267973857
0.6422614379084968
0.6522614379084967
0.6622614379084967
0.6622614379084967
0.6622614379084967
0.6622614379084967
0.6702614379084967
0.6702614379084967
0.6702614379084967
0.6702614379084967
0.6702614379084967
0.6813725490196079
0.6813725490196079
0.6813725490196079
0.6973725490196079
0.6973725490196079
0.6973725490196079
0.7053725490196079
0.7053725490196079
0.7053725490196079
0.7053725490196079
0.7053725490196079
0.7244836601307189
0.7244836601307189
0.7244836601307189
0.7578169934640522
0.7678169934640522
0.7678169934640522
0.7678169934640522
0.7678169934640522
0.7678169934640522
0.7678169934640522
0.7678169934640522
0.7678169934640522
0.7678169934640522
0.7789281045751635
0.7789281045751635
0.7789281045751635
0.7869281045751635
0.7986928104575164
0.7986928104575164
0.7986928104575164
0.7986928104575164
0.7986928104575164
0.8086928104575163
0.8086928104575163
0.8086928104575163
0.8086928104575163
0.8086928104575163
0.8086928104575163
0.8086928104575163
0.8086928104575163
0.8006928104575163
0.7895816993464052
0.7784705882352941
0.7815816993464052
0.7815816993464052
0.7846928104575163
0.7846928104575163
0.7735816993464052
0.7735816993464052
0.7815816993464052
0.7815816993464052
0.7809281045751634
0.7809281045751634
0.7729281045751634
0.7729281045751634
0.7729281045751634
0.7729281045751634
0.7611633986928105
0.7722745098039215
0.7722745098039215
0.7622745098039216
0.7505098039215687
0.7505098039215687
0.7405098039215687
0.7293986928104574
0.7522745098039215
0.7362745098039216
0.7362745098039216
0.7462745098039216
0.7500392156862745
0.7469281045751635
0.7469281045751635
0.7704575163398693
0.7604575163398692
0.7604575163398692
0.7622222222222221
0.7622222222222221
0.7424575163398692
0.7302352941176471
0.7302352941176471
0.7302352941176471
0.7413464052287582
0.7413464052287582
0.7413464052287582
0.7302352941176471
0.719124183006536
0.719124183006536
0.715359477124183
0.715359477124183
0.725359477124183
0.7475816993464052
0.7475816993464052
0.7475816993464052
0.7364705882352941
0.7087058823529411
0.69759477124183
0.7087058823529413
0.7087058823529413
0.7000522875816995
0.7118169934640524
0.7229281045751634
0.7229281045751634
0.7229281045751634
0.7000522875816994
0.7000522875816994
0.6920522875816993
0.6920522875816993
0.6809411764705883
0.6691764705882354
0.6802875816993466
0.6802875816993466
0.6913986928104576
0.6913986928104576
0.6722875816993465
0.6722875816993465
0.6722875816993465
0.6822875816993464
0.6822875816993464
0.6822875816993464
0.6822875816993464
0.6722875816993465
0.6611764705882354
0.6611764705882354
0.6611764705882354
0.6811764705882354
0.6922875816993465
0.7002875816993465
0.7002875816993465
0.7002875816993465
0.7002875816993465
0.7113986928104575
0.7176339869281045
0.7293986928104575
0.7493986928104576
0.7493986928104576
0.7476339869281046
0.7396339869281046
0.7618562091503268
0.7618562091503268
0.7618562091503268
0.7507450980392157
0.7507450980392157
0.7389803921568628
0.7389803921568628
0.7278692810457518
0.7198692810457518
0.7198692810457518
0.7198692810457518
0.7198692810457518
0.7081045751633988
0.7087581699346406
0.7087581699346406
0.7007581699346406
0.7229803921568628
0.7129803921568628
0.7129803921568628
0.7049803921568628
0.7149803921568628
0.7149803921568628
0.7229803921568628
0.7329803921568627
0.7409803921568627
0.7409803921568627
0.7329803921568627
0.7329803921568627
0.7329803921568627
0.7509803921568629
0.7509803921568629
0.7398692810457517
0.7398692810457517
0.7509803921568627
0.7429803921568627
0.7540915032679739
0.7540915032679739
0.7560915032679738
0.7560915032679738
0.7660915032679738
0.7660915032679738
0.7660915032679738
0.7500915032679739
0.7500915032679739
0.7618562091503268
0.7587450980392156
0.7387450980392157
0.7498562091503268
0.7387450980392156
0.7387450980392156
0.7498562091503268
0.7567450980392156
0.7567450980392156
0.7567450980392156
0.7567450980392156
0.7678562091503267
0.7678562091503267
0.7678562091503267
0.7498562091503268
0.7498562091503268
0.7498562091503268
0.7498562091503268
0.7498562091503268
0.7418562091503268
0.7418562091503268
0.7418562091503268
0.7418562091503268
0.7418562091503268
0.7318562091503268
0.7207450980392156
0.7207450980392156
0.7207450980392156
0.7207450980392156
0.7207450980392156
0.7207450980392156
0.7207450980392156
0.7207450980392156
0.7096339869281045
0.7096339869281045
0.7096339869281045
0.6978692810457516
0.6978692810457516
0.6978692810457516
0.6867581699346406
0.6867581699346406
0.6756470588235295
0.6756470588235295
0.6756470588235295
0.6756470588235295
0.6645359477124184
0.6645359477124184
0.6645359477124184
0.6645359477124184
0.6534248366013073
0.6454248366013073
0.6454248366013073
0.6454248366013073
0.6343137254901962
0.6343137254901962
0.6343137254901962
0.623202614379085
0.611437908496732
0.603437908496732
0.603437908496732
0.579908496732026
0.579908496732026
0.579908496732026
0.5681437908496731
0.5681437908496731
0.5681437908496731
0.5581437908496732
0.5581437908496732
0.5481437908496732
0.5481437908496732
0.5481437908496732
0.5481437908496732
0.5370326797385621
0.5370326797385621
0.5370326797385621
0.529032679738562
0.529032679738562
0.529032679738562
0.521032679738562
0.5110326797385621
0.4999215686274511
0.4999215686274511
0.4999215686274511
0.47639215686274516
0.465281045751634
0.465281045751634
0.465281045751634
0.465281045751634
0.4541699346405229
0.4541699346405229
0.4319477124183006
0.4319477124183006
0.4319477124183006
0.42083660130718953
0.42083660130718953
0.42083660130718953
0.42083660130718953
0.42083660130718953
0.42083660130718953
0.42083660130718953
0.42083660130718953
0.42083660130718953
0.42083660130718953
0.42083660130718953
0.42083660130718953
0.42083660130718953
0.42083660130718953
0.42083660130718953
0.42083660130718953
0.42083660130718953
0.42083660130718953
0.38972549019607844
0.3779607843137255
0.3668496732026144
0.3668496732026144
0.3668496732026144
0.3557385620915033
0.3557385620915033
0.3557385620915033
0.34573856209150333
0.34573856209150333
0.3257385620915033
0.3257385620915033
0.3046274509803922
0.3046274509803922
0.3046274509803922
0.3046274509803922
0.3046274509803922
0.3046274509803922
0.2928627450980392
0.26175163398692813
0.26175163398692813
0.26175163398692813
0.26175163398692813
0.26175163398692813
0.250640522875817
0.250640522875817
0.250640522875817
0.250640522875817
0.250640522875817
0.250640522875817
0.2395294117647059
0.2395294117647059
0.2395294117647059
0.2395294117647059
0.2395294117647059
0.2395294117647059
0.2315294117647059
0.22152941176470584
0.21352941176470583
0.21352941176470583
0.21352941176470583
0.20352941176470588
0.19176470588235295
0.15354248366013074
0.15354248366013074
0.15354248366013074
0.1324313725490196
0.1324313725490196
0.1324313725490196
0.12132026143790849
0.12132026143790849
0.11332026143790849
0.11332026143790849
0.10332026143790848
0.09220915032679738
0.09220915032679738
0.09220915032679738
0.09220915032679738
0.09220915032679738
0.09220915032679738
0.09220915032679738
0.08109803921568629
0.06933333333333333
0.06933333333333333
0.05933333333333333
0.05133333333333333
0.05133333333333333
0.04133333333333333
0.04133333333333333
0.030222222222222223
0.02222222222222222
